provider,supplier_file,sheet,supplier_title,supplier_artist,matched_term,matched_identifier,match_type
clean unified,Planilha UNA.xlsx,Relatório UBEM - Canal Brasil,Segredo,João Nogueira,SEGREDO,T-039.611.383-9,title_only
clean unified,Planilha UNA.xlsx,Relatório UBEM - Canal Brasil,Anima,Milton Nascimento,ANIMA,T-039.497.775-3,title_only
clean unified,Planilha UNA.xlsx,Relatório UBEM - Canal Brasil,Travessia,Milton Nascimento,TRAVESSIA,T-313.642.509-3,title_only
clean unified,Planilha UNA.xlsx,Relatório UBEM - Canal Brasil,Identidade,Leci Brandão,IDENTIDADE,T-039.497.763-9,title_only
clean unified,Planilha UNA.xlsx,Relatório UBEM - Canal Brasil,Tem Nada Não,Joyce Cândido,TEM NADA NAO,T-040.303.145-7,title_only
clean unified,Planilha UNA.xlsx,Relatório UBEM - Canal Brasil,Summertime,Rosinha De Valença,SUMMERTIME,T-317.793.940-7,title_only
clean unified,Planilha UNA.xlsx,Relatório UBEM - Canal Brasil,Summertime,Kat Edmonson,SUMMERTIME,T-317.793.940-7,title_only
clean unified,Planilha UNA.xlsx,Relatório UBEM - Canal Brasil,Segredo,João Nogueira,SEGREDO,T-039.611.383-9,title_only
clean unified,Planilha UNA.xlsx,Relatório UBEM - Canal Brasil,Pelas Ruas Da Cidade,Paulo César Pinheiro,PELAS RUAS DA CIDADE,T-325.057.705-6,title_only
clean unified,Planilha UNA.xlsx,Relatório UBEM - Canal Brasil,Onde Está Você,Tuyo,ONDE ESTA VOCE,T-040.271.868-6,title_only
clean unified,Planilha UNA.xlsx,Relatório UBEM - Canal Brasil,Perigo,Tássia Reis,PERIGO,T-301.572.557-8,title_only
clean unified,Planilha UNA.xlsx,Relatório UBEM - Canal Brasil,Perigo,Tássia Reis,PERIGO,T-302.809.006-0,title_only
clean unified,Planilha UNA.xlsx,Relatório UBEM - Canal Brasil,Banana,Joyce Moreno,BANANA,T-303.113.484-2,title_only
clean unified,Planilha UNA.xlsx,Relatório UBEM - Canal Brasil,Tudo,Joyce Moreno,TUDO,T-301.718.723-0,title_only
clean unified,Planilha UNA.xlsx,Relatório UBEM - Canal Brasil,Deja Vu,Day,DÉJÀ VU,T-308.187.765-4,title_only
clean unified,Planilha UNA.xlsx,Relatório UBEM - Canal Brasil,Máscara,Day,MÁSCARA,,title_only
clean unified,Planilha UNA.xlsx,Relatório UBEM - Canal Brasil,Teto De Vidro,Day,TETO DE VIDRO,T-321.537.364-7,title_only
clean unified,Planilha UNA.xlsx,Relatório UBEM - Canal Brasil,Travessia,Milton Nascimento,TRAVESSIA,T-313.642.509-3,title_only
clean unified,Planilha UNA.xlsx,Relatório UBEM - Canal Brasil,Alvorada,Cartola,ALVORADA,T-040.011.846-8,title_only
clean unified,Planilha UNA.xlsx,Relatório UBEM - Canal Brasil,Alvorada,Cartola,ALVORADA,,title_only
clean unified,Planilha UNA.xlsx,Relatório UBEM - Canal Brasil,Gigante,Ivete Sangalo,GIGANTE,GUSTAVO ZUCHOWSKI STROTTMANN,title_only
clean unified,Planilha UNA.xlsx,Relatório UBEM - Canal Brasil,Macetando,Ivete Sangalo,MACETANDO,T-318.000.000-0,title_only
clean unified,Planilha UNA.xlsx,Relatório UBEM - Canal Brasil,Beijinho No Ombro,Valesca Popozuda,BEIJINHO NO OMBRO,T-311.569.064-3,title_only
clean unified,Planilha UNA.xlsx,Relatório UBEM - Canal Brasil,Treme Treme,"As Gêmeas Lacração,Mc Loma",TREME TREME,,title_only
clean unified,Planilha UNA.xlsx,Relatório UBEM - Canal Brasil,Esquema,Mia Wicthoff,ESQUEMA,T-319.876.005-9,title_only
clean unified,Planilha UNA.xlsx,Relatório UBEM - Canal Brasil,Esquema,Mia Wicthoff,ESQUEMA,T-318.043.291-7,title_only
clean unified,Planilha UNA.xlsx,Relatório UBEM - Canal Brasil,Fuleragem,Mc Wm,FULERAGEM,T-305.214.250-0,title_only
clean unified,Planilha UNA.xlsx,Relatório UBEM - Canal Brasil,Perigo,Tássia Reis,PERIGO,T-301.572.557-8,title_only
clean unified,Planilha UNA.xlsx,Relatório UBEM - Canal Brasil,Perigo,Tássia Reis,PERIGO,T-302.809.006-0,title_only
clean unified,Planilha UNA.xlsx,Relatório UBEM - Canal Brasil,Banana,Joyce Moreno,BANANA,T-303.113.484-2,title_only
clean unified,Planilha UNA.xlsx,Relatório UBEM - Canal Brasil,Tudo,Joyce Moreno,TUDO,T-301.718.723-0,title_only
clean unified,Planilha UNA.xlsx,Relatório UBEM - Canal Brasil,Deixa Eu Sonhar,Joelma,DEIXA EU SONHAR,T-040.000.420-7,title_only
clean unified,Planilha UNA.xlsx,Relatório UBEM - Canal Brasil,Lágrimas De Sangue,Yasmin Mendes,LÁGRIMAS DE SANGUE,,title_only
clean unified,Planilha UNA.xlsx,Relatório UBEM - Canal Brasil,Macetando,Ivete Sangalo,MACETANDO,T-318.000.000-0,title_only
clean unified,Planilha UNA.xlsx,Relatório UBEM - Canal Brasil,Crucificados Pelo Sistema,Ratos Do Porão,CRUCIFICADOS PELO SISTEMA,,title_only
clean unified,Planilha UNA.xlsx,Relatório UBEM - Canal Brasil,Sentir Ódio E Nada Mais,Ratos De Porão,SENTIR ODIO E NADA MAIS,T-039.593.539-3,title_only
clean unified,Planilha UNA.xlsx,Relatório UBEM - Canal Brasil,Deja Vu,Day,DÉJÀ VU,T-308.187.765-4,title_only
clean unified,Planilha UNA.xlsx,Relatório UBEM - Canal Brasil,Máscara,Day,MÁSCARA,,title_only
clean unified,Planilha UNA.xlsx,Relatório UBEM - Canal Brasil,Teto De Vidro,Day,TETO DE VIDRO,T-321.537.364-7,title_only
clean unified,Planilha UNA.xlsx,Relatório UBEM - Canal Brasil,Travessia,Milton Nascimento,TRAVESSIA,T-313.642.509-3,title_only
clean unified,Planilha UNA.xlsx,Relatório UBEM - Canal Brasil,Alvorada,Cartola,ALVORADA,T-040.011.846-8,title_only
clean unified,Planilha UNA.xlsx,Relatório UBEM - Canal Brasil,Alvorada,Cartola,ALVORADA,,title_only
clean unified,Planilha UNA.xlsx,Relatório UBEM - Canal Brasil,Felicidade,Seu Jorge,FELICIDADE,,title_only
clean unified,Planilha UNA.xlsx,Relatório UBEM - Canal Brasil,Final Feliz,Plateia: Márcia Rosa,FINAL FELIZ,T-315.996.147-0,title_only
clean unified,Planilha UNA.xlsx,Relatório UBEM - Canal Brasil,Beijinho No Ombro,Valesca Popozuda,BEIJINHO NO OMBRO,T-311.569.064-3,title_only
clean unified,Planilha UNA.xlsx,Relatório UBEM - Canal Brasil,Combate,"Aldair Playboy,Mc Wm",COMBATE,T-306.803.836-4,title_only
clean unified,Planilha UNA.xlsx,Relatório UBEM - Canal Brasil,Treme Treme,"As Gêmeas Lacração,Mc Loma",TREME TREME,,title_only
clean unified,Planilha UNA.xlsx,Relatório UBEM - Canal Brasil,Fuleragem,Mc Wm,FULERAGEM,T-305.214.250-0,title_only
clean unified,Planilha UNA.xlsx,Relatório UBEM - Canal Brasil,Lugar Nenhum,Titãs,LUGAR NENHUM,T-304.311.961-1,title_only
clean unified,Planilha UNA.xlsx,Relatório UBEM - Canal Brasil,Desejo,Soweto,DESEJO,T-322.628.586-1,title_only
clean unified,Planilha UNA.xlsx,Relatório UBEM - Canal Brasil,Gratidão,Soweto,GRATIDÃO,T-305.217.523-8,title_only
clean unified,Planilha UNA.xlsx,Relatório UBEM - Canal Brasil,Ilusão,Soweto,ILUSAO,T-040.011.902-9,title_only
clean unified,Planilha UNA.xlsx,Relatório UBEM - Canal Brasil,Ilusão,Soweto,ILUSÃO,,title_only
clean unified,Planilha UNA.xlsx,Relatório UBEM - Canal Brasil,Perfume,Soweto,PERFUME,T-305.215.262-8,title_only
clean unified,Planilha UNA.xlsx,Relatório UBEM - Canal Brasil,Te Quero,Soweto,TE QUERO,T-305.218.717-0,title_only
clean unified,Planilha UNA.xlsx,Relatório UBEM - Canal Brasil,Nocaute,"Monic, The",NOCAUTE,T-317.794.059-5,title_only
clean unified,Planilha UNA.xlsx,Relatório UBEM - Canal Brasil,Dèjá Vu,Selvagens À Procura Da Lei,DÉJÀ VU,T-308.187.765-4,title_only
clean unified,Planilha UNA.xlsx,Relatório UBEM - Canal Brasil,Ghost,Secret Weapons,GHOST,,title_only
clean unified,Planilha UNA.xlsx,Relatório UBEM - Canal Brasil,Alvorada,Cartola,ALVORADA,T-040.011.846-8,title_only
clean unified,Planilha UNA.xlsx,Relatório UBEM - Canal Brasil,Alvorada,Cartola,ALVORADA,,title_only
clean unified,Planilha UNA.xlsx,Relatório UBEM - Canal Brasil,Final Feliz,Plateia: Márcia Rosa,FINAL FELIZ,T-315.996.147-0,title_only
clean unified,Planilha UNA.xlsx,Relatório UBEM - Canal Brasil,Brisa,Iza,BRISA,T-315.799.145-8,title_only
clean unified,Planilha UNA.xlsx,Relatório UBEM - Canal Brasil,Brisa,Iza,BRISA,T-316.180.981-6,title_only
clean unified,Planilha UNA.xlsx,Relatório UBEM - Canal Brasil,Brisa,Iza,BRISA,T-326.766.166-1,title_only
clean unified,Planilha UNA.xlsx,Relatório UBEM - Canal Brasil,Treme Treme,"As Gêmeas Lacração,Mc Loma",TREME TREME,,title_only
clean unified,Planilha UNA.xlsx,Relatório UBEM - Canal Brasil,Me Gusta,"Anitta,Cardi B,Myke Towers",ME GUSTA,,title_only
clean unified,Planilha UNA.xlsx,Relatório UBEM - Canal Brasil,Eu Vou Sentar,"Melody,Nattan",EU VOU SENTAR,T-305.267.256-3,title_only
clean unified,Planilha UNA.xlsx,Relatório UBEM - Canal Brasil,Acabou,Jammil E Uma Noites,ACABOU,T-039.497.780-0,title_only
clean unified,Planilha UNA.xlsx,Relatório UBEM - Canal Brasil,Medo,"Baggios, The",MEDO,T-039.497.778-6,title_only
clean unified,Planilha UNA.xlsx,Relatório UBEM - Canal Brasil,Medo,"Baggios, The",MEDO,,title_only
clean unified,Planilha UNA.xlsx,Relatório UBEM - Canal Brasil,Amora,Renato Teixeira,AMORA,,title_only
clean unified,Planilha UNA.xlsx,Relatório UBEM - Canal Brasil,Deixa Eu Sonhar,Joelma,DEIXA EU SONHAR,T-040.000.420-7,title_only
clean unified,Planilha UNA.xlsx,Relatório UBEM - Canal Brasil,Lágrimas De Sangue,Yasmin Mendes,LÁGRIMAS DE SANGUE,,title_only
clean unified,Planilha UNA.xlsx,Relatório UBEM - Canal Brasil,Macetando,Ivete Sangalo,MACETANDO,T-318.000.000-0,title_only
clean unified,Planilha UNA.xlsx,Relatório UBEM - Canal Brasil,Alvorada,Cartola,ALVORADA,T-040.011.846-8,title_only
clean unified,Planilha UNA.xlsx,Relatório UBEM - Canal Brasil,Alvorada,Cartola,ALVORADA,,title_only
clean unified,Planilha UNA.xlsx,Relatório UBEM - Canal Brasil,Travessia,Milton Nascimento,TRAVESSIA,T-313.642.509-3,title_only
clean unified,Planilha UNA.xlsx,Relatório UBEM - Canal Brasil,Vamos Fugir,Gilberto Gil,VAMOS FUGIR,T-305.415.581-2,title_only
clean unified,Planilha UNA.xlsx,Relatório UBEM - Canal Brasil,Together,She & Him,TOGETHER,,title_only
clean unified,Planilha UNA.xlsx,Relatório UBEM - Canal Brasil,Felicidade,Rita Lee,FELICIDADE,,title_only
clean unified,Planilha UNA.xlsx,Relatório UBEM - Canal Brasil,Monalisa,Jorge Vercillo,MONALISA,,title_only
clean unified,Planilha UNA.xlsx,Relatório UBEM - Canal Brasil,Brisa,Iza,BRISA,T-315.799.145-8,title_only
clean unified,Planilha UNA.xlsx,Relatório UBEM - Canal Brasil,Brisa,Iza,BRISA,T-316.180.981-6,title_only
clean unified,Planilha UNA.xlsx,Relatório UBEM - Canal Brasil,Brisa,Iza,BRISA,T-326.766.166-1,title_only
clean unified,Planilha UNA.xlsx,Relatório UBEM - Canal Brasil,Fuleragem,Mc Wm,FULERAGEM,T-305.214.250-0,title_only
clean unified,Planilha UNA.xlsx,Relatório UBEM - Canal Brasil,Mulher Rendeira,Trio Nordestino,MULHER RENDEIRA,T-039.167.658-6,title_only
clean unified,Planilha UNA.xlsx,Relatório UBEM - Canal Brasil,Eu Vou Sentar,"Melody,Nattan",EU VOU SENTAR,T-305.267.256-3,title_only
clean unified,Planilha UNA.xlsx,Relatório UBEM - Canal Brasil,Acabou,Jammil E Uma Noites,ACABOU,T-039.497.780-0,title_only
clean unified,Planilha UNA.xlsx,Relatório UBEM - Canal Brasil,Medo,"Baggios, The",MEDO,T-039.497.778-6,title_only
clean unified,Planilha UNA.xlsx,Relatório UBEM - Canal Brasil,Medo,"Baggios, The",MEDO,,title_only
clean unified,Planilha UNA.xlsx,Relatório UBEM - Canal Brasil,Sideral,My Magical Glowing Lens,SIDERAL,,title_only
clean unified,Planilha UNA.xlsx,Relatório UBEM - Canal Brasil,Amora,Renato Teixeira,AMORA,,title_only
clean unified,Planilha UNA.xlsx,Relatório UBEM - Canal Brasil,Desejo,Soweto,DESEJO,T-322.628.586-1,title_only
clean unified,Planilha UNA.xlsx,Relatório UBEM - Canal Brasil,Gratidão,Soweto,GRATIDÃO,T-305.217.523-8,title_only
clean unified,Planilha UNA.xlsx,Relatório UBEM - Canal Brasil,Ilusão,Soweto,ILUSAO,T-040.011.902-9,title_only
clean unified,Planilha UNA.xlsx,Relatório UBEM - Canal Brasil,Ilusão,Soweto,ILUSÃO,,title_only
clean unified,Planilha UNA.xlsx,Relatório UBEM - Canal Brasil,Perfume,Soweto,PERFUME,T-305.215.262-8,title_only
clean unified,Planilha UNA.xlsx,Relatório UBEM - Canal Brasil,Te Quero,Soweto,TE QUERO,T-305.218.717-0,title_only
clean unified,Planilha UNA.xlsx,Relatório UBEM - Canal Brasil,Macetando,Banda Lady Night,MACETANDO,T-318.000.000-0,title_only
clean unified,Planilha UNA.xlsx,Relatório UBEM - Canal Brasil,Felicidade,Rita Lee,FELICIDADE,,title_only
clean unified,Planilha UNA.xlsx,Relatório UBEM - Canal Brasil,Fuleragem,Mc Wm,FULERAGEM,T-305.214.250-0,title_only
clean unified,Planilha UNA.xlsx,Relatório UBEM - Canal Brasil,Mulher Rendeira,Trio Nordestino,MULHER RENDEIRA,T-039.167.658-6,title_only
clean unified,Planilha UNA.xlsx,Relatório UBEM - Canal Brasil,Brisa,Iza,BRISA,T-315.799.145-8,title_only
clean unified,Planilha UNA.xlsx,Relatório UBEM - Canal Brasil,Brisa,Iza,BRISA,T-316.180.981-6,title_only
clean unified,Planilha UNA.xlsx,Relatório UBEM - Canal Brasil,Brisa,Iza,BRISA,T-326.766.166-1,title_only
clean unified,Planilha UNA.xlsx,Relatório UBEM - Canal Brasil,Sideral,My Magical Glowing Lens,SIDERAL,,title_only
clean unified,Planilha UNA.xlsx,Relatório UBEM - Canal Brasil,Cuidado,Tuyo,CUIDADO,T-317.794.225-1,title_only
clean unified,Planilha UNA.xlsx,Relatório UBEM - Canal Brasil,Cuidado,Tuyo,CUIDADO,,title_only
clean unified,Planilha UNA.xlsx,Relatório UBEM - Canal Brasil,Deixa Eu Sonhar,Joelma,DEIXA EU SONHAR,T-040.000.420-7,title_only
clean unified,Planilha UNA.xlsx,Relatório UBEM - Canal Brasil,Lágrimas De Sangue,Yasmin Mendes,LÁGRIMAS DE SANGUE,,title_only
clean unified,Planilha UNA.xlsx,Relatório UBEM - Canal Brasil,Macetando,Ivete Sangalo,MACETANDO,T-318.000.000-0,title_only
clean unified,Planilha UNA.xlsx,Relatório UBEM - Canal Brasil,Lua,Nilson Neto,LUA,,title_only
clean unified,Planilha UNA.xlsx,Relatório UBEM - Canal Brasil,Essa É Pra Você,Arthur Espindola,ESSA É PRA VOCE,T-040.048.737-7,title_only
clean unified,Planilha UNA.xlsx,Relatório UBEM - Canal Brasil,Vermelho,Chico Da Silva,VERMELHO,T-313.315.106-7,title_only
clean unified,Planilha UNA.xlsx,Relatório UBEM - Canal Brasil,Count On Me,Bruno Mars,COUNT ON ME,T-320.126.127-6,title_only
clean unified,Planilha UNA.xlsx,Relatório UBEM - Canal Brasil,Felicidade,Rita Lee,FELICIDADE,,title_only
clean unified,Planilha UNA.xlsx,Relatório UBEM - Canal Brasil,Outdoor,"Inspirasom,Rodrigo Sant'anna",OUTDOOR,T-301.719.331-2,title_only
clean unified,Planilha UNA.xlsx,Relatório UBEM - Canal Brasil,Fuleragem,Mc Wm,FULERAGEM,T-305.214.250-0,title_only
clean unified,Planilha UNA.xlsx,Relatório UBEM - Canal Brasil,Sentadão,"Felipe Original,Js,Pedro Sampaio",SENTADÃO,T-303.014.916-3,title_only
clean unified,Planilha UNA.xlsx,Relatório UBEM - Canal Brasil,Sentadão,"Felipe Original,Js,Pedro Sampaio",SENTADÃO,T-304.715.440-1,title_only
clean unified,Planilha UNA.xlsx,Relatório UBEM - Canal Brasil,Sentadão,"Felipe Original,Js,Pedro Sampaio",SENTADÃO,T-325.955.974-1,title_only
clean unified,Planilha UNA.xlsx,Relatório UBEM - Canal Brasil,Mulher Rendeira,Trio Nordestino,MULHER RENDEIRA,T-039.167.658-6,title_only
clean unified,Planilha UNA.xlsx,Relatório UBEM - Canal Brasil,Kamasutra,Lauana Prado,KAMASUTRA,T-305.217.338-9,title_only
clean unified,Planilha UNA.xlsx,Relatório UBEM - Canal Brasil,Baobá,Caio Prado,BAOBA,T-303.385.332-2,title_only
clean unified,Planilha UNA.xlsx,Relatório UBEM - Canal Brasil,Cuidado,Tuyo,CUIDADO,T-317.794.225-1,title_only
clean unified,Planilha UNA.xlsx,Relatório UBEM - Canal Brasil,Cuidado,Tuyo,CUIDADO,,title_only
clean unified,Planilha UNA.xlsx,Relatório UBEM - Canal Brasil,Quem Sabe,"Beatriz Rabello,Paulinho Da Viola",QUEM SABE,,title_only
clean unified,Planilha UNA.xlsx,Relatório UBEM - Canal Brasil,Deixa Eu Sonhar,Joelma,DEIXA EU SONHAR,T-040.000.420-7,title_only
clean unified,Planilha UNA.xlsx,Relatório UBEM - Canal Brasil,Lágrimas De Sangue,Yasmin Mendes,LÁGRIMAS DE SANGUE,,title_only
clean unified,Planilha UNA.xlsx,Relatório UBEM - Canal Brasil,Macetando,Ivete Sangalo,MACETANDO,T-318.000.000-0,title_only
clean unified,Planilha UNA.xlsx,Relatório UBEM - Canal Brasil,Brisa,Iza,BRISA,T-315.799.145-8,title_only
clean unified,Planilha UNA.xlsx,Relatório UBEM - Canal Brasil,Brisa,Iza,BRISA,T-316.180.981-6,title_only
clean unified,Planilha UNA.xlsx,Relatório UBEM - Canal Brasil,Brisa,Iza,BRISA,T-326.766.166-1,title_only
clean unified,Planilha UNA.xlsx,Relatório UBEM - Canal Brasil,Sem Filtro,Iza,SEM FILTRO,T-335.572.263-9,title_only
clean unified,Planilha UNA.xlsx,Relatório UBEM - Canal Brasil,Desejo,Soweto,DESEJO,T-322.628.586-1,title_only
clean unified,Planilha UNA.xlsx,Relatório UBEM - Canal Brasil,Gratidão,Soweto,GRATIDÃO,T-305.217.523-8,title_only
clean unified,Planilha UNA.xlsx,Relatório UBEM - Canal Brasil,Ilusão,Soweto,ILUSAO,T-040.011.902-9,title_only
clean unified,Planilha UNA.xlsx,Relatório UBEM - Canal Brasil,Ilusão,Soweto,ILUSÃO,,title_only
clean unified,Planilha UNA.xlsx,Relatório UBEM - Canal Brasil,Perfume,Soweto,PERFUME,T-305.215.262-8,title_only
clean unified,Planilha UNA.xlsx,Relatório UBEM - Canal Brasil,Te Quero,Soweto,TE QUERO,T-305.218.717-0,title_only
clean unified,Planilha UNA.xlsx,Relatório UBEM - Canal Brasil,Lua,Nilson Neto,LUA,,title_only
clean unified,Planilha UNA.xlsx,Relatório UBEM - Canal Brasil,Proposta,Pepê,PROPOSTA,T-313.413.810-2,title_only
clean unified,Planilha UNA.xlsx,Relatório UBEM - Canal Brasil,Essa É Pra Você,Arthur Espindola,ESSA É PRA VOCE,T-040.048.737-7,title_only
clean unified,Planilha UNA.xlsx,Relatório UBEM - Canal Brasil,Vermelho,Chico Da Silva,VERMELHO,T-313.315.106-7,title_only
clean unified,Planilha UNA.xlsx,Relatório UBEM - Canal Brasil,Aurora,Aurora Miranda,AURORA,,title_only
clean unified,Planilha UNA.xlsx,Relatório UBEM - Canal Brasil,Sentadão,Pedro Sampaio,SENTADÃO,T-303.014.916-3,title_only
clean unified,Planilha UNA.xlsx,Relatório UBEM - Canal Brasil,Sentadão,Pedro Sampaio,SENTADÃO,T-304.715.440-1,title_only
clean unified,Planilha UNA.xlsx,Relatório UBEM - Canal Brasil,Sentadão,Pedro Sampaio,SENTADÃO,T-325.955.974-1,title_only
clean unified,Planilha UNA.xlsx,Relatório UBEM - Canal Brasil,Felicidade,Rita Lee,FELICIDADE,,title_only
clean unified,Planilha UNA.xlsx,Relatório UBEM - Canal Brasil,Outdoor,"Inspirasom,Rodrigo Sant'anna",OUTDOOR,T-301.719.331-2,title_only
clean unified,Planilha UNA.xlsx,Relatório UBEM - Canal Brasil,Malandramente,"Dennis Dj,Nandinho,Nego Bam",MALANDRAMENTE,T-308.115.009-2,title_only
clean unified,Planilha UNA.xlsx,Relatório UBEM - Canal Brasil,Fuleragem,Mc Wm,FULERAGEM,T-305.214.250-0,title_only
clean unified,Planilha UNA.xlsx,Relatório UBEM - Canal Brasil,Terremoto,"Anitta,Mc Kevinho",TERREMOTO,T-307.297.647-3,title_only
clean unified,Planilha UNA.xlsx,Relatório UBEM - Canal Brasil,Beijinho No Ombro,Andy Gercker,BEIJINHO NO OMBRO,T-311.569.064-3,title_only
clean unified,Planilha UNA.xlsx,Relatório UBEM - Canal Brasil,Kamasutra,Lauana Prado,KAMASUTRA,T-305.217.338-9,title_only
clean unified,Planilha UNA.xlsx,Relatório UBEM - Canal Brasil,Ela,"Ferrugem,Sorriso Maroto",ELA,T-322.696.235-8,title_only
clean unified,Planilha UNA.xlsx,Relatório UBEM - Canal Brasil,São Paulo,"Anitta,Weeknd, The",SÃO PAULO,,title_only
clean unified,Planilha UNA.xlsx,Relatório UBEM - Canal Brasil,Brisa,Iza,BRISA,T-315.799.145-8,title_only
clean unified,Planilha UNA.xlsx,Relatório UBEM - Canal Brasil,Brisa,Iza,BRISA,T-316.180.981-6,title_only
clean unified,Planilha UNA.xlsx,Relatório UBEM - Canal Brasil,Brisa,Iza,BRISA,T-326.766.166-1,title_only
clean unified,Planilha UNA.xlsx,Relatório UBEM - Canal Brasil,Baobá,Caio Prado,BAOBA,T-303.385.332-2,title_only
clean unified,Planilha UNA.xlsx,Relatório UBEM - Canal Brasil,Medo,"Baggios, The",MEDO,T-039.497.778-6,title_only
clean unified,Planilha UNA.xlsx,Relatório UBEM - Canal Brasil,Medo,"Baggios, The",MEDO,,title_only
clean unified,Planilha UNA.xlsx,Relatório UBEM - Canal Brasil,Sideral,My Magical Glowing Lens,SIDERAL,,title_only
clean unified,Planilha UNA.xlsx,Relatório UBEM - Canal Brasil,Cuidado,Tuyo,CUIDADO,T-317.794.225-1,title_only
clean unified,Planilha UNA.xlsx,Relatório UBEM - Canal Brasil,Cuidado,Tuyo,CUIDADO,,title_only
clean unified,Planilha UNA.xlsx,Relatório UBEM - Canal Brasil,Quem Sabe,"Beatriz Rabello,Paulinho Da Viola",QUEM SABE,,title_only
clean unified,Planilha UNA.xlsx,Relatório UBEM - Canal Brasil,Amora,Renato Teixeira,AMORA,,title_only
clean unified,Planilha UNA.xlsx,Relatório UBEM - Canal Brasil,Desejo,Soweto,DESEJO,T-322.628.586-1,title_only
clean unified,Planilha UNA.xlsx,Relatório UBEM - Canal Brasil,Gratidão,Soweto,GRATIDÃO,T-305.217.523-8,title_only
clean unified,Planilha UNA.xlsx,Relatório UBEM - Canal Brasil,Ilusão,Soweto,ILUSAO,T-040.011.902-9,title_only
clean unified,Planilha UNA.xlsx,Relatório UBEM - Canal Brasil,Ilusão,Soweto,ILUSÃO,,title_only
clean unified,Planilha UNA.xlsx,Relatório UBEM - Canal Brasil,Perfume,Soweto,PERFUME,T-305.215.262-8,title_only
clean unified,Planilha UNA.xlsx,Relatório UBEM - Canal Brasil,Te Quero,Soweto,TE QUERO,T-305.218.717-0,title_only
clean unified,Planilha UNA.xlsx,Relatório UBEM - Canal Brasil,Luz,Djavan,LUZ,T-040.285.617-0,title_only
clean unified,Planilha UNA.xlsx,Relatório UBEM - Canal Brasil,Luz,Djavan,LUZ,,title_only
clean unified,Planilha UNA.xlsx,Relatório UBEM - Canal Brasil,Luz,Djavan,LUZ,T-040.279.887-1,title_only
clean unified,Planilha UNA.xlsx,Relatório UBEM - Canal Brasil,Socadona,Preta Gil,SOCADONA,T-305.217.548-7,title_only
clean unified,Planilha UNA.xlsx,Relatório UBEM - Canal Brasil,Socadona,Preta Gil,SOCADONA,,title_only
clean unified,Planilha UNA.xlsx,Relatório UBEM - Canal Brasil,Felicidade,Rita Lee,FELICIDADE,,title_only
clean unified,Planilha UNA.xlsx,Relatório UBEM - Canal Brasil,Brisa,Iza,BRISA,T-315.799.145-8,title_only
clean unified,Planilha UNA.xlsx,Relatório UBEM - Canal Brasil,Brisa,Iza,BRISA,T-316.180.981-6,title_only
clean unified,Planilha UNA.xlsx,Relatório UBEM - Canal Brasil,Brisa,Iza,BRISA,T-326.766.166-1,title_only
clean unified,Planilha UNA.xlsx,Relatório UBEM - Canal Brasil,Fuleragem,Mc Wm,FULERAGEM,T-305.214.250-0,title_only
clean unified,Planilha UNA.xlsx,Relatório UBEM - Canal Brasil,Sentadão,"Felipe Original,Js,Pedro Sampaio",SENTADÃO,T-303.014.916-3,title_only
clean unified,Planilha UNA.xlsx,Relatório UBEM - Canal Brasil,Sentadão,"Felipe Original,Js,Pedro Sampaio",SENTADÃO,T-304.715.440-1,title_only
clean unified,Planilha UNA.xlsx,Relatório UBEM - Canal Brasil,Sentadão,"Felipe Original,Js,Pedro Sampaio",SENTADÃO,T-325.955.974-1,title_only
clean unified,Planilha UNA.xlsx,Relatório UBEM - Canal Brasil,Mulher Rendeira,Trio Nordestino,MULHER RENDEIRA,T-039.167.658-6,title_only
clean unified,Planilha UNA.xlsx,Relatório UBEM - Canal Brasil,Beijinho No Ombro,Andy Gercker,BEIJINHO NO OMBRO,T-311.569.064-3,title_only
clean unified,Planilha UNA.xlsx,Relatório UBEM - Canal Brasil,Linha De Frente,"Budah,Tibery",LINHA DE FRENTE,T-308.636.270-7,title_only
clean unified,Planilha UNA.xlsx,Relatório UBEM - Canal Brasil,Brisa,Iza,BRISA,T-315.799.145-8,title_only
clean unified,Planilha UNA.xlsx,Relatório UBEM - Canal Brasil,Brisa,Iza,BRISA,T-316.180.981-6,title_only
clean unified,Planilha UNA.xlsx,Relatório UBEM - Canal Brasil,Brisa,Iza,BRISA,T-326.766.166-1,title_only
clean unified,Planilha UNA.xlsx,Relatório UBEM - Canal Brasil,Acabou,Jammil E Uma Noites,ACABOU,T-039.497.780-0,title_only
clean unified,Planilha UNA.xlsx,Relatório UBEM - Canal Brasil,Baobá,Caio Prado,BAOBA,T-303.385.332-2,title_only
clean unified,Planilha UNA.xlsx,Relatório UBEM - Canal Brasil,Medo,"Baggios, The",MEDO,T-039.497.778-6,title_only
clean unified,Planilha UNA.xlsx,Relatório UBEM - Canal Brasil,Medo,"Baggios, The",MEDO,,title_only
clean unified,Planilha UNA.xlsx,Relatório UBEM - Canal Brasil,Sideral,My Magical Glowing Lens,SIDERAL,,title_only
clean unified,Planilha UNA.xlsx,Relatório UBEM - Canal Brasil,Cuidado,Tuyo,CUIDADO,T-317.794.225-1,title_only
clean unified,Planilha UNA.xlsx,Relatório UBEM - Canal Brasil,Cuidado,Tuyo,CUIDADO,,title_only
clean unified,Planilha UNA.xlsx,Relatório UBEM - Canal Brasil,Amora,Renato Teixeira,AMORA,,title_only
clean unified,Planilha UNA.xlsx,Relatório UBEM - Canal Brasil,Macetando,Ivete Sangalo,MACETANDO,T-318.000.000-0,title_only
clean unified,Planilha UNA.xlsx,Relatório UBEM - Canal Brasil,Brisa,Iza,BRISA,T-315.799.145-8,title_only
clean unified,Planilha UNA.xlsx,Relatório UBEM - Canal Brasil,Brisa,Iza,BRISA,T-316.180.981-6,title_only
clean unified,Planilha UNA.xlsx,Relatório UBEM - Canal Brasil,Brisa,Iza,BRISA,T-326.766.166-1,title_only
clean unified,Planilha UNA.xlsx,Relatório UBEM - Canal Brasil,Sem Filtro,Iza,SEM FILTRO,T-335.572.263-9,title_only
clean unified,Planilha UNA.xlsx,Relatório UBEM - Canal Brasil,Travessia,Milton Nascimento,TRAVESSIA,T-313.642.509-3,title_only
clean unified,Planilha UNA.xlsx,Relatório UBEM - Canal Brasil,Monalisa,Jorge Vercillo,MONALISA,,title_only
clean unified,Planilha UNA.xlsx,Relatório UBEM - Canal Brasil,Brisa,Iza,BRISA,T-315.799.145-8,title_only
clean unified,Planilha UNA.xlsx,Relatório UBEM - Canal Brasil,Brisa,Iza,BRISA,T-316.180.981-6,title_only
clean unified,Planilha UNA.xlsx,Relatório UBEM - Canal Brasil,Brisa,Iza,BRISA,T-326.766.166-1,title_only
clean unified,Planilha UNA.xlsx,Relatório UBEM - Canal Brasil,Fuleragem,Mc Wm,FULERAGEM,T-305.214.250-0,title_only
clean unified,Planilha UNA.xlsx,Relatório UBEM - Canal Brasil,Sentadão,"Felipe Original,Js,Pedro Sampaio",SENTADÃO,T-303.014.916-3,title_only
clean unified,Planilha UNA.xlsx,Relatório UBEM - Canal Brasil,Sentadão,"Felipe Original,Js,Pedro Sampaio",SENTADÃO,T-304.715.440-1,title_only
clean unified,Planilha UNA.xlsx,Relatório UBEM - Canal Brasil,Sentadão,"Felipe Original,Js,Pedro Sampaio",SENTADÃO,T-325.955.974-1,title_only
clean unified,Planilha UNA.xlsx,Relatório UBEM - Canal Brasil,Mulher Rendeira,Trio Nordestino,MULHER RENDEIRA,T-039.167.658-6,title_only
clean unified,Planilha UNA.xlsx,Relatório UBEM - Canal Brasil,Treme Treme,"As Gêmeas Lacração,Mc Loma",TREME TREME,,title_only
clean unified,Planilha UNA.xlsx,Relatório UBEM - Canal Brasil,Beijinho No Ombro,Andy Gercker,BEIJINHO NO OMBRO,T-311.569.064-3,title_only
clean unified,Planilha UNA.xlsx,Relatório UBEM - Canal Brasil,Brisa,Iza,BRISA,T-315.799.145-8,title_only
clean unified,Planilha UNA.xlsx,Relatório UBEM - Canal Brasil,Brisa,Iza,BRISA,T-316.180.981-6,title_only
clean unified,Planilha UNA.xlsx,Relatório UBEM - Canal Brasil,Brisa,Iza,BRISA,T-326.766.166-1,title_only
clean unified,Planilha UNA.xlsx,Relatório UBEM - Canal Brasil,Baobá,Caio Prado,BAOBA,T-303.385.332-2,title_only
clean unified,Planilha UNA.xlsx,Relatório UBEM - Canal Brasil,Praga,Dônica,PRAGA,T-317.818.119-2,title_only
clean unified,Planilha UNA.xlsx,Relatório UBEM - Canal Brasil,Desejo,Soweto,DESEJO,T-322.628.586-1,title_only
clean unified,Planilha UNA.xlsx,Relatório UBEM - Canal Brasil,Gratidão,Soweto,GRATIDÃO,T-305.217.523-8,title_only
clean unified,Planilha UNA.xlsx,Relatório UBEM - Canal Brasil,Ilusão,Soweto,ILUSAO,T-040.011.902-9,title_only
clean unified,Planilha UNA.xlsx,Relatório UBEM - Canal Brasil,Ilusão,Soweto,ILUSÃO,,title_only
clean unified,Planilha UNA.xlsx,Relatório UBEM - Canal Brasil,Perfume,Soweto,PERFUME,T-305.215.262-8,title_only
clean unified,Planilha UNA.xlsx,Relatório UBEM - Canal Brasil,Te Quero,Soweto,TE QUERO,T-305.218.717-0,title_only
clean unified,Planilha UNA.xlsx,Relatório UBEM - Canal Brasil,Se Foi,Aninha Portal,SE FOI,T-039.497.697-6,title_only
clean unified,Planilha UNA.xlsx,Relatório UBEM - Canal Brasil,Verdade,Karinah,VERDADE,T-302.003.913-4,title_only
clean unified,Planilha UNA.xlsx,Relatório UBEM - Canal Brasil,Proposta,Pepê,PROPOSTA,T-313.413.810-2,title_only
clean unified,Planilha UNA.xlsx,Relatório UBEM - Canal Brasil,Essa É Pra Você,Arthur Espindola,ESSA É PRA VOCE,T-040.048.737-7,title_only
clean unified,Planilha UNA.xlsx,Relatório UBEM - Canal Brasil,Vermelho,Chico Da Silva,VERMELHO,T-313.315.106-7,title_only
clean unified,Planilha UNA.xlsx,Relatório UBEM - Canal Brasil,Sentadão,Pedro Sampaio,SENTADÃO,T-303.014.916-3,title_only
clean unified,Planilha UNA.xlsx,Relatório UBEM - Canal Brasil,Sentadão,Pedro Sampaio,SENTADÃO,T-304.715.440-1,title_only
clean unified,Planilha UNA.xlsx,Relatório UBEM - Canal Brasil,Sentadão,Pedro Sampaio,SENTADÃO,T-325.955.974-1,title_only
clean unified,Planilha UNA.xlsx,Relatório UBEM - Canal Brasil,Domingo,Inspirasom,DOMINGO,T-307.003.485-0,title_only
clean unified,Planilha UNA.xlsx,Relatório UBEM - Canal Brasil,Domingo,Inspirasom,DOMINGO,T-301.991.455-3,title_only
clean unified,Planilha UNA.xlsx,Relatório UBEM - Canal Brasil,Até O Céu,"Anitta,Mc Cabelinho",ATÉ O CÉU,T-333.819.469-3,title_only
clean unified,Planilha UNA.xlsx,Relatório UBEM - Canal Brasil,Deja Vu,Olivia Rodrigo,DÉJÀ VU,T-308.187.765-4,title_only
clean unified,Planilha UNA.xlsx,Relatório UBEM - Canal Brasil,Ela,"Ferrugem,Sorriso Maroto",ELA,T-322.696.235-8,title_only
clean unified,Planilha UNA.xlsx,Relatório UBEM - Canal Brasil,São Paulo,"Anitta,Weeknd, The",SÃO PAULO,,title_only
clean unified,Planilha UNA.xlsx,Relatório UBEM - Canal Brasil,Praga,Dônica,PRAGA,T-317.818.119-2,title_only
clean unified,Planilha UNA.xlsx,Relatório UBEM - Canal Brasil,Drama,Rico Dalasam,DRAMA,T-039.662.293-7,title_only
clean unified,Planilha UNA.xlsx,Relatório UBEM - Canal Brasil,Drama,Rico Dalasam,DRAMA,T-932.546.398-7,title_only
clean unified,Planilha UNA.xlsx,Relatório UBEM - Canal Brasil,Drama,Rico Dalasam,DRAMA,T-321.537.188-9,title_only
clean unified,Planilha UNA.xlsx,Relatório UBEM - Canal Brasil,Macetando,Ivete Sangalo,MACETANDO,T-318.000.000-0,title_only
clean unified,Planilha UNA.xlsx,Relatório UBEM - Canal Brasil,Brisa,Iza,BRISA,T-315.799.145-8,title_only
clean unified,Planilha UNA.xlsx,Relatório UBEM - Canal Brasil,Brisa,Iza,BRISA,T-316.180.981-6,title_only
clean unified,Planilha UNA.xlsx,Relatório UBEM - Canal Brasil,Brisa,Iza,BRISA,T-326.766.166-1,title_only
clean unified,Planilha UNA.xlsx,Relatório UBEM - Canal Brasil,Sem Filtro,Iza,SEM FILTRO,T-335.572.263-9,title_only
clean unified,Planilha UNA.xlsx,Relatório UBEM - Canal Brasil,Se Foi,Aninha Portal,SE FOI,T-039.497.697-6,title_only
clean unified,Planilha UNA.xlsx,Relatório UBEM - Canal Brasil,Temporal,Bruna Mendez,TEMPORAL,T-307.003.180-6,title_only
clean unified,Planilha UNA.xlsx,Relatório UBEM - Canal Brasil,Verdade,Karinah,VERDADE,T-302.003.913-4,title_only
clean unified,Planilha UNA.xlsx,Relatório UBEM - Canal Brasil,Simbolo Da Paz,Ventania,SÍMBOLO DA PAZ,,title_only
clean unified,Planilha UNA.xlsx,Relatório UBEM - Canal Brasil,Brisa,"Andy Gercker,Evelyn Castro,Roberta Rodrigues,Rodrigo Sant'anna",BRISA,T-315.799.145-8,title_only
clean unified,Planilha UNA.xlsx,Relatório UBEM - Canal Brasil,Brisa,"Andy Gercker,Evelyn Castro,Roberta Rodrigues,Rodrigo Sant'anna",BRISA,T-316.180.981-6,title_only
clean unified,Planilha UNA.xlsx,Relatório UBEM - Canal Brasil,Brisa,"Andy Gercker,Evelyn Castro,Roberta Rodrigues,Rodrigo Sant'anna",BRISA,T-326.766.166-1,title_only
clean unified,Planilha UNA.xlsx,Relatório UBEM - Canal Brasil,Fica,"Anavitória,Matheus & Kauan",FICA,,title_only
clean unified,Planilha UNA.xlsx,Relatório UBEM - Canal Brasil,Me Perdoa,Ferrugem,ME PERDOA,,title_only
clean unified,Planilha UNA.xlsx,Relatório UBEM - Canal Brasil,Tudo,Liniker,TUDO,T-301.718.723-0,title_only
clean unified,Planilha UNA.xlsx,Relatório UBEM - Canal Brasil,Deja Vu,Olivia Rodrigo,DÉJÀ VU,T-308.187.765-4,title_only
clean unified,Planilha UNA.xlsx,Relatório UBEM - Canal Brasil,Drama,Rico Dalasam,DRAMA,T-039.662.293-7,title_only
clean unified,Planilha UNA.xlsx,Relatório UBEM - Canal Brasil,Drama,Rico Dalasam,DRAMA,T-932.546.398-7,title_only
clean unified,Planilha UNA.xlsx,Relatório UBEM - Canal Brasil,Drama,Rico Dalasam,DRAMA,T-321.537.188-9,title_only
clean unified,Planilha UNA.xlsx,Relatório UBEM - Canal Brasil,Temporal,Bruna Mendez,TEMPORAL,T-307.003.180-6,title_only
clean unified,Planilha UNA.xlsx,Relatório UBEM - Canal Brasil,Simbolo Da Paz,Ventania,SÍMBOLO DA PAZ,,title_only
clean unified,Planilha UNA.xlsx,Relatório UBEM - Canal Brasil,Brisa,"Andy Gercker,Evelyn Castro,Roberta Rodrigues,Rodrigo Sant'anna",BRISA,T-315.799.145-8,title_only
clean unified,Planilha UNA.xlsx,Relatório UBEM - Canal Brasil,Brisa,"Andy Gercker,Evelyn Castro,Roberta Rodrigues,Rodrigo Sant'anna",BRISA,T-316.180.981-6,title_only
clean unified,Planilha UNA.xlsx,Relatório UBEM - Canal Brasil,Brisa,"Andy Gercker,Evelyn Castro,Roberta Rodrigues,Rodrigo Sant'anna",BRISA,T-326.766.166-1,title_only
clean unified,Planilha UNA.xlsx,Relatório UBEM - Canal Brasil,Fica,"Anavitória,Matheus & Kauan",FICA,,title_only
clean unified,Planilha UNA.xlsx,Relatório UBEM - Canal Brasil,Me Perdoa,Ferrugem,ME PERDOA,,title_only
clean unified,Planilha UNA.xlsx,Relatório UBEM - Canal Brasil,Deja Vu,Olivia Rodrigo,DÉJÀ VU,T-308.187.765-4,title_only
clean unified,Planilha UNA.xlsx,Relatório UBEM - Canal Brasil,Freestyle,Xamã,FREESTYLE,T-321.150.611-1,title_only
clean unified,Planilha UNA.xlsx,Relatório UBEM - Canal Brasil,Macetando,Ivete Sangalo,MACETANDO,T-318.000.000-0,title_only
clean unified,Planilha UNA.xlsx,Relatório UBEM - Canal Brasil,Brisa,Iza,BRISA,T-315.799.145-8,title_only
clean unified,Planilha UNA.xlsx,Relatório UBEM - Canal Brasil,Brisa,Iza,BRISA,T-316.180.981-6,title_only
clean unified,Planilha UNA.xlsx,Relatório UBEM - Canal Brasil,Brisa,Iza,BRISA,T-326.766.166-1,title_only
clean unified,Planilha UNA.xlsx,Relatório UBEM - Canal Brasil,Sem Filtro,Iza,SEM FILTRO,T-335.572.263-9,title_only
clean unified,Planilha UNA.xlsx,Relatório UBEM - Canal Brasil,Carolina,Seu Jorge,CAROLINA,,title_only
clean unified,Planilha UNA.xlsx,Relatório UBEM - Canal Brasil,Maria,Roberta Miranda,MARIA,T-307.006.304-2,title_only
clean unified,Planilha UNA.xlsx,Relatório UBEM - Canal Brasil,Maria,Roberta Miranda,MARIA,T-311.953.638-4,title_only
clean unified,Planilha UNA.xlsx,Relatório UBEM - Canal Brasil,Simbolo Da Paz,Ventania,SÍMBOLO DA PAZ,,title_only
clean unified,Planilha UNA.xlsx,Relatório UBEM - Canal Brasil,Felicidade,Seu Jorge,FELICIDADE,,title_only
clean unified,Planilha UNA.xlsx,Relatório UBEM - Canal Brasil,Morena,Luan Santana,MORENA,,title_only
clean unified,Planilha UNA.xlsx,Relatório UBEM - Canal Brasil,Morena,Luan Santana,MORENA,T-312.550.698-7,title_only
clean unified,Planilha UNA.xlsx,Relatório UBEM - Canal Brasil,Tanto Faz,Luan Santana,TANTO FAZ,,title_only
clean unified,Planilha UNA.xlsx,Relatório UBEM - Canal Brasil,Deja Vu,Olivia Rodrigo,DÉJÀ VU,T-308.187.765-4,title_only
clean unified,Planilha UNA.xlsx,Relatório UBEM - Canal Brasil,Beijinho No Ombro,Valesca Popozuda,BEIJINHO NO OMBRO,T-311.569.064-3,title_only
clean unified,Planilha UNA.xlsx,Relatório UBEM - Canal Brasil,Bigode Grosso,Mc Marcelly,BIGODE GROSSO,T-040.000.440-1,title_only
clean unified,Planilha UNA.xlsx,Relatório UBEM - Canal Brasil,Freestyle,Xamã,FREESTYLE,T-321.150.611-1,title_only
clean unified,Planilha UNA.xlsx,Relatório UBEM - Canal Brasil,Obsessão,Beatriz Rabello,OBSESSÃO,T-039.632.967-1,title_only
clean unified,Planilha UNA.xlsx,Relatório UBEM - Canal Brasil,Recomeçar,Beatriz Rabello,RECOMECAR,T-039.311.437-8,title_only
clean unified,Planilha UNA.xlsx,Relatório UBEM - Canal Brasil,Recomeçar,Beatriz Rabello,RECOMEÇAR,T-308.840.890-2,title_only
clean unified,Planilha UNA.xlsx,Relatório UBEM - Canal Brasil,Recomeçar,Beatriz Rabello,RECOMEÇAR,T-316.010.042-1,title_only
clean unified,Planilha UNA.xlsx,Relatório UBEM - Canal Brasil,Recomeçar,Beatriz Rabello,RECOMEÇAR,,title_only
clean unified,Planilha UNA.xlsx,Relatório UBEM - Canal Brasil,Macetando,Ivete Sangalo,MACETANDO,T-318.000.000-0,title_only
clean unified,Planilha UNA.xlsx,Relatório UBEM - Canal Brasil,Brisa,Iza,BRISA,T-315.799.145-8,title_only
clean unified,Planilha UNA.xlsx,Relatório UBEM - Canal Brasil,Brisa,Iza,BRISA,T-316.180.981-6,title_only
clean unified,Planilha UNA.xlsx,Relatório UBEM - Canal Brasil,Brisa,Iza,BRISA,T-326.766.166-1,title_only
clean unified,Planilha UNA.xlsx,Relatório UBEM - Canal Brasil,Sem Filtro,Iza,SEM FILTRO,T-335.572.263-9,title_only
clean unified,Planilha UNA.xlsx,Relatório UBEM - Canal Brasil,Carolina,Seu Jorge,CAROLINA,,title_only
clean unified,Planilha UNA.xlsx,Relatório UBEM - Canal Brasil,Sugar,"Francesco Yates,Robin Schulz",SUGAR,T-039.948.077-3,title_only
clean unified,Planilha UNA.xlsx,Relatório UBEM - Canal Brasil,Morena,Luan Santana,MORENA,,title_only
clean unified,Planilha UNA.xlsx,Relatório UBEM - Canal Brasil,Morena,Luan Santana,MORENA,T-312.550.698-7,title_only
clean unified,Planilha UNA.xlsx,Relatório UBEM - Canal Brasil,Tanto Faz,Luan Santana,TANTO FAZ,,title_only
clean unified,Planilha UNA.xlsx,Relatório UBEM - Canal Brasil,Freestyle,Xamã,FREESTYLE,T-321.150.611-1,title_only
clean unified,Planilha UNA.xlsx,Relatório UBEM - Canal Brasil,Drama,Rico Dalasam,DRAMA,T-039.662.293-7,title_only
clean unified,Planilha UNA.xlsx,Relatório UBEM - Canal Brasil,Drama,Rico Dalasam,DRAMA,T-932.546.398-7,title_only
clean unified,Planilha UNA.xlsx,Relatório UBEM - Canal Brasil,Drama,Rico Dalasam,DRAMA,T-321.537.188-9,title_only
clean unified,Planilha UNA.xlsx,Relatório UBEM - Canal Brasil,Obsessão,Beatriz Rabello,OBSESSÃO,T-039.632.967-1,title_only
clean unified,Planilha UNA.xlsx,Relatório UBEM - Canal Brasil,Recomeçar,Beatriz Rabello,RECOMECAR,T-039.311.437-8,title_only
clean unified,Planilha UNA.xlsx,Relatório UBEM - Canal Brasil,Recomeçar,Beatriz Rabello,RECOMEÇAR,T-308.840.890-2,title_only
clean unified,Planilha UNA.xlsx,Relatório UBEM - Canal Brasil,Recomeçar,Beatriz Rabello,RECOMEÇAR,T-316.010.042-1,title_only
clean unified,Planilha UNA.xlsx,Relatório UBEM - Canal Brasil,Recomeçar,Beatriz Rabello,RECOMEÇAR,,title_only
clean unified,Planilha UNA.xlsx,Relatório UBEM - Canal Brasil,Simbolo Da Paz,Ventania,SÍMBOLO DA PAZ,,title_only
clean unified,Planilha UNA.xlsx,Relatório UBEM - Canal Brasil,Macetando,"Ivete Sangalo,Ludmilla",MACETANDO,T-318.000.000-0,title_only
clean unified,Planilha UNA.xlsx,Relatório UBEM - Canal Brasil,Domingo,Inspirasom,DOMINGO,T-307.003.485-0,title_only
clean unified,Planilha UNA.xlsx,Relatório UBEM - Canal Brasil,Domingo,Inspirasom,DOMINGO,T-301.991.455-3,title_only
clean unified,Planilha UNA.xlsx,Relatório UBEM - Canal Brasil,Até O Céu,"Anitta,Mc Cabelinho",ATÉ O CÉU,T-333.819.469-3,title_only
clean unified,Planilha UNA.xlsx,Relatório UBEM - Canal Brasil,Brisa,"Andy Gercker,Evelyn Castro,Roberta Rodrigues,Rodrigo Sant'anna",BRISA,T-315.799.145-8,title_only
clean unified,Planilha UNA.xlsx,Relatório UBEM - Canal Brasil,Brisa,"Andy Gercker,Evelyn Castro,Roberta Rodrigues,Rodrigo Sant'anna",BRISA,T-316.180.981-6,title_only
clean unified,Planilha UNA.xlsx,Relatório UBEM - Canal Brasil,Brisa,"Andy Gercker,Evelyn Castro,Roberta Rodrigues,Rodrigo Sant'anna",BRISA,T-326.766.166-1,title_only
clean unified,Planilha UNA.xlsx,Relatório UBEM - Canal Brasil,Praga,Dônica,PRAGA,T-317.818.119-2,title_only
clean unified,Planilha UNA.xlsx,Relatório UBEM - Canal Brasil,Drama,Rico Dalasam,DRAMA,T-039.662.293-7,title_only
clean unified,Planilha UNA.xlsx,Relatório UBEM - Canal Brasil,Drama,Rico Dalasam,DRAMA,T-932.546.398-7,title_only
clean unified,Planilha UNA.xlsx,Relatório UBEM - Canal Brasil,Drama,Rico Dalasam,DRAMA,T-321.537.188-9,title_only
clean unified,Planilha UNA.xlsx,Relatório UBEM - Canal Brasil,Simbolo Da Paz,Ventania,SÍMBOLO DA PAZ,,title_only
clean unified,Planilha UNA.xlsx,Relatório UBEM - Canal Brasil,Macetando,"Ivete Sangalo,Ludmilla",MACETANDO,T-318.000.000-0,title_only
clean unified,Planilha UNA.xlsx,Relatório UBEM - Canal Brasil,Domingo,Inspirasom,DOMINGO,T-307.003.485-0,title_only
clean unified,Planilha UNA.xlsx,Relatório UBEM - Canal Brasil,Domingo,Inspirasom,DOMINGO,T-301.991.455-3,title_only
clean unified,Planilha UNA.xlsx,Relatório UBEM - Canal Brasil,Até O Céu,"Anitta,Mc Cabelinho",ATÉ O CÉU,T-333.819.469-3,title_only
clean unified,Planilha UNA.xlsx,Relatório UBEM - Canal Brasil,Brisa,"Andy Gercker,Evelyn Castro,Roberta Rodrigues,Rodrigo Sant'anna",BRISA,T-315.799.145-8,title_only
clean unified,Planilha UNA.xlsx,Relatório UBEM - Canal Brasil,Brisa,"Andy Gercker,Evelyn Castro,Roberta Rodrigues,Rodrigo Sant'anna",BRISA,T-316.180.981-6,title_only
clean unified,Planilha UNA.xlsx,Relatório UBEM - Canal Brasil,Brisa,"Andy Gercker,Evelyn Castro,Roberta Rodrigues,Rodrigo Sant'anna",BRISA,T-326.766.166-1,title_only
clean unified,Planilha UNA.xlsx,Relatório UBEM - Canal Brasil,Beijinho No Ombro,Valesca Popozuda,BEIJINHO NO OMBRO,T-311.569.064-3,title_only
clean unified,Planilha UNA.xlsx,Relatório UBEM - Canal Brasil,Bigode Grosso,Mc Marcelly,BIGODE GROSSO,T-040.000.440-1,title_only
clean unified,Planilha UNA.xlsx,Relatório UBEM - Canal Brasil,Maria,Ricky Martin,MARIA,T-307.006.304-2,title_only
clean unified,Planilha UNA.xlsx,Relatório UBEM - Canal Brasil,Maria,Ricky Martin,MARIA,T-311.953.638-4,title_only
clean unified,Planilha UNA.xlsx,Relatório UBEM - Canal Brasil,Oração,"Alexandre Carlo,Oriente",ORACAO,T-040.521.423-4,title_only
clean unified,Planilha UNA.xlsx,Relatório UBEM - Canal Brasil,Eu Sei,Gabriel Elias,EU SEI,T-323.310.474-6,title_only
clean unified,Planilha UNA.xlsx,Relatório UBEM - Canal Brasil,Vamos Fugir,Gabriel Elias,VAMOS FUGIR,T-305.415.581-2,title_only
clean unified,Planilha UNA.xlsx,Relatório UBEM - Canal Brasil,2020,Sbtrkt,2020,T-301.721.117-1,title_only
clean unified,Planilha UNA.xlsx,Relatório UBEM - Canal Brasil,2020,Sbtrkt,2020,,title_only
clean unified,Planilha UNA.xlsx,Relatório UBEM - Canal Brasil,Desafio,Harmonia Do Samba,DESAFIO,T-040.453.293-9,title_only
clean unified,Planilha UNA.xlsx,Relatório UBEM - Canal Brasil,Desafio,Harmonia Do Samba,DESAFIO,T-312.554.786-2,title_only
clean unified,Planilha UNA.xlsx,Relatório UBEM - Canal Brasil,Desafio,Harmonia Do Samba,DESAFIO,T-040.453.293-9,title_only
clean unified,Planilha UNA.xlsx,Relatório UBEM - Canal Brasil,Desafio,Harmonia Do Samba,DESAFIO,T-312.554.786-2,title_only
clean unified,Planilha UNA.xlsx,Relatório UBEM - Canal Brasil,Primavera,"Francisco, El Hombre",PRIMAVERA,T-330.191.323-1,title_only
clean unified,Planilha UNA.xlsx,Relatório UBEM - Canal Brasil,Primavera,"Francisco, El Hombre",PRIMAVERA,T-040.160.962-8,title_only
clean unified,Planilha UNA.xlsx,Relatório UBEM - Canal Brasil,Segredo,Ana Gabriela,SEGREDO,T-039.611.383-9,title_only
clean unified,Planilha UNA.xlsx,Relatório UBEM - Canal Brasil,Ela,Clarissa,ELA,T-322.696.235-8,title_only
clean unified,Planilha UNA.xlsx,Relatório UBEM - Canal Brasil,Oração,"Alexandre Carlo,Oriente",ORACAO,T-040.521.423-4,title_only
clean unified,Planilha UNA.xlsx,Relatório UBEM - Canal Brasil,Eu Sei,Gabriel Elias,EU SEI,T-323.310.474-6,title_only
clean unified,Planilha UNA.xlsx,Relatório UBEM - Canal Brasil,Vamos Fugir,Gabriel Elias,VAMOS FUGIR,T-305.415.581-2,title_only
clean unified,Planilha UNA.xlsx,Relatório UBEM - Canal Brasil,Macetando,"Ivete Sangalo,Ludmilla",MACETANDO,T-318.000.000-0,title_only
clean unified,Planilha UNA.xlsx,Relatório UBEM - Canal Brasil,Summertime,"Modern Jazz Quartet, The",SUMMERTIME,T-317.793.940-7,title_only
clean unified,Planilha UNA.xlsx,Relatório UBEM - Canal Brasil,Pantanal,Maria Bethania,PANTANAL,T-318.464.891-3,title_only
clean unified,Planilha UNA.xlsx,Relatório UBEM - Canal Brasil,Summertime,Personagem Tieta,SUMMERTIME,T-317.793.940-7,title_only
clean unified,Planilha UNA.xlsx,Relatório UBEM - Canal Brasil,Sentadinha,Léo Santana,SENTADINHA,T-306.792.989-5,title_only
clean unified,Planilha UNA.xlsx,Relatório UBEM - Canal Brasil,Sentadinha,Léo Santana,SENTADINHA,T-308.506.890-8,title_only
clean unified,Planilha UNA.xlsx,Relatório UBEM - Canal Brasil,Beijinho No Ombro,Valesca Popozuda,BEIJINHO NO OMBRO,T-311.569.064-3,title_only
clean unified,Planilha UNA.xlsx,Relatório UBEM - Canal Brasil,Bigode Grosso,Mc Marcelly,BIGODE GROSSO,T-040.000.440-1,title_only
clean unified,Planilha UNA.xlsx,Relatório UBEM - Canal Brasil,Primavera,"Francisco, El Hombre",PRIMAVERA,T-330.191.323-1,title_only
clean unified,Planilha UNA.xlsx,Relatório UBEM - Canal Brasil,Primavera,"Francisco, El Hombre",PRIMAVERA,T-040.160.962-8,title_only
clean unified,Planilha UNA.xlsx,Relatório UBEM - Canal Brasil,Chega,Mart'nália,CHÊGA,T-312.562.445-1,title_only
clean unified,Planilha UNA.xlsx,Relatório UBEM - Canal Brasil,Segredo,Ana Gabriela,SEGREDO,T-039.611.383-9,title_only
clean unified,Planilha UNA.xlsx,Relatório UBEM - Canal Brasil,Ela,Clarissa,ELA,T-322.696.235-8,title_only
clean unified,Planilha UNA.xlsx,Relatório UBEM - Canal Brasil,Vencedor,Calcinha Preta,VENCEDOR,T-313.263.562-8,title_only
clean unified,Planilha UNA.xlsx,Relatório UBEM - Canal Brasil,Satisfação,Tati Quebra Barraco,SATISFAÇÃO,T-302.730.937-7,title_only
clean unified,Planilha UNA.xlsx,Relatório UBEM - Canal Brasil,Pantanal,Maria Bethania,PANTANAL,T-318.464.891-3,title_only
clean unified,Planilha UNA.xlsx,Relatório UBEM - Canal Brasil,Summertime,Personagem Tieta,SUMMERTIME,T-317.793.940-7,title_only
clean unified,Planilha UNA.xlsx,Relatório UBEM - Canal Brasil,Maria,Ricky Martin,MARIA,T-307.006.304-2,title_only
clean unified,Planilha UNA.xlsx,Relatório UBEM - Canal Brasil,Maria,Ricky Martin,MARIA,T-311.953.638-4,title_only
clean unified,Planilha UNA.xlsx,Relatório UBEM - Canal Brasil,Chega,Mart'nália,CHÊGA,T-312.562.445-1,title_only
clean unified,Planilha UNA.xlsx,Relatório UBEM - Canal Brasil,Vencedor,Calcinha Preta,VENCEDOR,T-313.263.562-8,title_only
clean unified,Planilha UNA.xlsx,Relatório UBEM - Canal Brasil,Idgaf,"Brendon Urie,Ciara O'connor,Dua Lipa,Maitre Gims,Mnek,Noah A Seelmann,Saweetie,Todd Sherman Clark,Uzoechi Osisioma Emenike",IDGAF,T-304.308.877-9,title_only
clean unified,Planilha UNA.xlsx,Relatório UBEM - Canal Brasil,Pantanal,Maria Bethania,PANTANAL,T-318.464.891-3,title_only
clean unified,Planilha UNA.xlsx,Relatório UBEM - Canal Brasil,Summertime,Personagem Tieta,SUMMERTIME,T-317.793.940-7,title_only
clean unified,Planilha UNA.xlsx,Relatório UBEM - Canal Brasil,Tudo Ok,"Js Mão De Ouro,Mila,Thiaguinho Mt",TUDO OK,T-040.059.792-3,title_only
clean unified,Planilha UNA.xlsx,Relatório UBEM - Canal Brasil,Beijinho No Ombro,Valesca Popozuda,BEIJINHO NO OMBRO,T-311.569.064-3,title_only
clean unified,Planilha UNA.xlsx,Relatório UBEM - Canal Brasil,Bigode Grosso,Mc Marcelly,BIGODE GROSSO,T-040.000.440-1,title_only
clean unified,Planilha UNA.xlsx,Relatório UBEM - Canal Brasil,Maria,Ricky Martin,MARIA,T-307.006.304-2,title_only
clean unified,Planilha UNA.xlsx,Relatório UBEM - Canal Brasil,Maria,Ricky Martin,MARIA,T-311.953.638-4,title_only
clean unified,Planilha UNA.xlsx,Relatório UBEM - Canal Brasil,Sou Eu,Ludmilla,SOU EU,T-042.615.532-9,title_only
clean unified,Planilha UNA.xlsx,Relatório UBEM - Canal Brasil,Morena,Vitor Kley,MORENA,,title_only
clean unified,Planilha UNA.xlsx,Relatório UBEM - Canal Brasil,Morena,Vitor Kley,MORENA,T-312.550.698-7,title_only
clean unified,Planilha UNA.xlsx,Relatório UBEM - Canal Brasil,Eu Sei,Gabriel Elias,EU SEI,T-323.310.474-6,title_only
clean unified,Planilha UNA.xlsx,Relatório UBEM - Canal Brasil,Vamos Fugir,Gabriel Elias,VAMOS FUGIR,T-305.415.581-2,title_only
clean unified,Planilha UNA.xlsx,Relatório UBEM - Canal Brasil,Breakdown,Jack Johnson,BREAKDOWN,T-316.329.272-2,title_only
clean unified,Planilha UNA.xlsx,Relatório UBEM - Canal Brasil,Letícia,"Duguinho Do Acordeon,Jota Reis,Samir Trindade,Saymon Marques",LETICIA,T-039.948.058-0,title_only
clean unified,Planilha UNA.xlsx,Relatório UBEM - Canal Brasil,Pantanal,Maria Bethania,PANTANAL,T-318.464.891-3,title_only
clean unified,Planilha UNA.xlsx,Relatório UBEM - Canal Brasil,Summertime,Personagem Tieta,SUMMERTIME,T-317.793.940-7,title_only
clean unified,Planilha UNA.xlsx,Relatório UBEM - Canal Brasil,Maria,Ricky Martin,MARIA,T-307.006.304-2,title_only
clean unified,Planilha UNA.xlsx,Relatório UBEM - Canal Brasil,Maria,Ricky Martin,MARIA,T-311.953.638-4,title_only
clean unified,Planilha UNA.xlsx,Relatório UBEM - Canal Brasil,Sou Eu,Ludmilla,SOU EU,T-042.615.532-9,title_only
clean unified,Planilha UNA.xlsx,Relatório UBEM - Canal Brasil,Primavera,"Francisco, El Hombre",PRIMAVERA,T-330.191.323-1,title_only
clean unified,Planilha UNA.xlsx,Relatório UBEM - Canal Brasil,Primavera,"Francisco, El Hombre",PRIMAVERA,T-040.160.962-8,title_only
clean unified,Planilha UNA.xlsx,Relatório UBEM - Canal Brasil,Chega,Mart'nália,CHÊGA,T-312.562.445-1,title_only
clean unified,Planilha UNA.xlsx,Relatório UBEM - Canal Brasil,Morena,Vitor Kley,MORENA,,title_only
clean unified,Planilha UNA.xlsx,Relatório UBEM - Canal Brasil,Morena,Vitor Kley,MORENA,T-312.550.698-7,title_only
clean unified,Planilha UNA.xlsx,Relatório UBEM - Canal Brasil,Eu Sei,Gabriel Elias,EU SEI,T-323.310.474-6,title_only
clean unified,Planilha UNA.xlsx,Relatório UBEM - Canal Brasil,Vamos Fugir,Gabriel Elias,VAMOS FUGIR,T-305.415.581-2,title_only
clean unified,Planilha UNA.xlsx,Relatório UBEM - Canal Brasil,Vencedor,Calcinha Preta,VENCEDOR,T-313.263.562-8,title_only
clean unified,Planilha UNA.xlsx,Relatório UBEM - Canal Brasil,Pantanal,Maria Bethania,PANTANAL,T-318.464.891-3,title_only
clean unified,Planilha UNA.xlsx,Relatório UBEM - Canal Brasil,Summertime,Personagem Tieta,SUMMERTIME,T-317.793.940-7,title_only
clean unified,Planilha UNA.xlsx,Relatório UBEM - Canal Brasil,Sentadinha,Léo Santana,SENTADINHA,T-306.792.989-5,title_only
clean unified,Planilha UNA.xlsx,Relatório UBEM - Canal Brasil,Sentadinha,Léo Santana,SENTADINHA,T-308.506.890-8,title_only
clean unified,Planilha UNA.xlsx,Relatório UBEM - Canal Brasil,Tudo Ok,"Js Mão De Ouro,Mila,Thiaguinho Mt",TUDO OK,T-040.059.792-3,title_only
clean unified,Planilha UNA.xlsx,Relatório UBEM - Canal Brasil,Beijinho No Ombro,Valesca Popozuda,BEIJINHO NO OMBRO,T-311.569.064-3,title_only
clean unified,Planilha UNA.xlsx,Relatório UBEM - Canal Brasil,Bigode Grosso,Mc Marcelly,BIGODE GROSSO,T-040.000.440-1,title_only
clean unified,Planilha UNA.xlsx,Relatório UBEM - Canal Brasil,Maria,Ricky Martin,MARIA,T-307.006.304-2,title_only
clean unified,Planilha UNA.xlsx,Relatório UBEM - Canal Brasil,Maria,Ricky Martin,MARIA,T-311.953.638-4,title_only
clean unified,Planilha UNA.xlsx,Relatório UBEM - Canal Brasil,Primavera,"Francisco, El Hombre",PRIMAVERA,T-330.191.323-1,title_only
clean unified,Planilha UNA.xlsx,Relatório UBEM - Canal Brasil,Primavera,"Francisco, El Hombre",PRIMAVERA,T-040.160.962-8,title_only
clean unified,Planilha UNA.xlsx,Relatório UBEM - Canal Brasil,Chega,Mart'nália,CHÊGA,T-312.562.445-1,title_only
clean unified,Planilha UNA.xlsx,Relatório UBEM - Canal Brasil,Eu Sei,Gabriel Elias,EU SEI,T-323.310.474-6,title_only
clean unified,Planilha UNA.xlsx,Relatório UBEM - Canal Brasil,Vamos Fugir,Gabriel Elias,VAMOS FUGIR,T-305.415.581-2,title_only
clean unified,Planilha UNA.xlsx,Relatório UBEM - Canal Brasil,Letícia,"Duguinho Do Acordeon,Jota Reis,Samir Trindade,Saymon Marques",LETICIA,T-039.948.058-0,title_only
clean unified,Planilha UNA.xlsx,Relatório UBEM - Canal Brasil,Sentadinha,Léo Santana,SENTADINHA,T-306.792.989-5,title_only
clean unified,Planilha UNA.xlsx,Relatório UBEM - Canal Brasil,Sentadinha,Léo Santana,SENTADINHA,T-308.506.890-8,title_only
clean unified,Planilha UNA.xlsx,Relatório UBEM - Canal Brasil,Tudo Ok,"Js Mão De Ouro,Mila,Thiaguinho Mt",TUDO OK,T-040.059.792-3,title_only
clean unified,Planilha UNA.xlsx,Relatório UBEM - Canal Brasil,Quem É Você,"Fabiano Menotti,Juju Menotti",QUEM É VOCÊ,T-327.279.661-5,title_only
clean unified,Planilha UNA.xlsx,Relatório UBEM - Canal Brasil,Beijinho No Ombro,Valesca Popozuda,BEIJINHO NO OMBRO,T-311.569.064-3,title_only
clean unified,Planilha UNA.xlsx,Relatório UBEM - Canal Brasil,Bigode Grosso,Mc Marcelly,BIGODE GROSSO,T-040.000.440-1,title_only
clean unified,Planilha UNA.xlsx,Relatório UBEM - Canal Brasil,Sou Eu,Ludmilla,SOU EU,T-042.615.532-9,title_only
clean unified,Planilha UNA.xlsx,Relatório UBEM - Canal Brasil,Nostalgia,Pablo Dominguez,NOSTALGIA,T-306.794.342-0,title_only
clean unified,Planilha UNA.xlsx,Relatório UBEM - Canal Brasil,Saudade,Pablo Dominguez,SAUDADE,T-306.509.964-7,title_only
clean unified,Planilha UNA.xlsx,Relatório UBEM - Canal Brasil,Saudade,Pablo Dominguez,SAUDADE,T-039.751.632-3,title_only
clean unified,Planilha UNA.xlsx,Relatório UBEM - Canal Brasil,Saudade,Pablo Dominguez,SAUDADE,,title_only
clean unified,Planilha UNA.xlsx,Relatório UBEM - Canal Brasil,Saudade,Pablo Dominguez,SAUDADE,T-305.264.938-0,title_only
clean unified,Planilha UNA.xlsx,Relatório UBEM - Canal Brasil,Aurora,Pablo Dominguez,AURORA,,title_only
clean unified,Planilha UNA.xlsx,Relatório UBEM - Canal Brasil,Roda Gigante,Pablo Domiguez,RODA GIGANTE,T-322.010.787-5,title_only
clean unified,Planilha UNA.xlsx,Relatório UBEM - Canal Brasil,Morena,Vitor Kley,MORENA,,title_only
clean unified,Planilha UNA.xlsx,Relatório UBEM - Canal Brasil,Morena,Vitor Kley,MORENA,T-312.550.698-7,title_only
clean unified,Planilha UNA.xlsx,Relatório UBEM - Canal Brasil,Idgaf,"Brendon Urie,Ciara O'connor,Dua Lipa,Maitre Gims,Mnek,Noah A Seelmann,Saweetie,Todd Sherman Clark,Uzoechi Osisioma Emenike",IDGAF,T-304.308.877-9,title_only
clean unified,Planilha UNA.xlsx,Relatório UBEM - Canal Brasil,Letícia,"Duguinho Do Acordeon,Jota Reis,Samir Trindade,Saymon Marques",LETICIA,T-039.948.058-0,title_only
clean unified,Planilha UNA.xlsx,Relatório UBEM - Canal Brasil,Sugar,Robin Schulz,SUGAR,T-039.948.077-3,title_only
clean unified,Planilha UNA.xlsx,Relatório UBEM - Canal Brasil,Espelho,João Nogueira,ESPELHO,T-931.652.333-8,title_only
clean unified,Planilha UNA.xlsx,Relatório UBEM - Canal Brasil,Espelho,João Nogueira,ESPELHO,T-335.571.845-1,title_only
clean unified,Planilha UNA.xlsx,Relatório UBEM - Canal Brasil,Sugar,Robin Schulz,SUGAR,T-039.948.077-3,title_only
clean unified,Planilha UNA.xlsx,Relatório UBEM - Canal Brasil,Andarilho,Majur,ANDARILHO,T-330.191.305-9,title_only
clean unified,Planilha UNA.xlsx,Relatório UBEM - Canal Brasil,Nostalgia,Pablo Dominguez,NOSTALGIA,T-306.794.342-0,title_only
clean unified,Planilha UNA.xlsx,Relatório UBEM - Canal Brasil,Saudade,Pablo Dominguez,SAUDADE,T-306.509.964-7,title_only
clean unified,Planilha UNA.xlsx,Relatório UBEM - Canal Brasil,Saudade,Pablo Dominguez,SAUDADE,T-039.751.632-3,title_only
clean unified,Planilha UNA.xlsx,Relatório UBEM - Canal Brasil,Saudade,Pablo Dominguez,SAUDADE,,title_only
clean unified,Planilha UNA.xlsx,Relatório UBEM - Canal Brasil,Saudade,Pablo Dominguez,SAUDADE,T-305.264.938-0,title_only
clean unified,Planilha UNA.xlsx,Relatório UBEM - Canal Brasil,Aurora,Pablo Dominguez,AURORA,,title_only
clean unified,Planilha UNA.xlsx,Relatório UBEM - Canal Brasil,Roda Gigante,Pablo Domiguez,RODA GIGANTE,T-322.010.787-5,title_only
clean unified,Planilha UNA.xlsx,Relatório UBEM - Canal Brasil,Vitória,Vital,VITÓRIA,,title_only
clean unified,Planilha UNA.xlsx,Relatório UBEM - Canal Brasil,Saudade,Day Macedo,SAUDADE,T-306.509.964-7,title_only
clean unified,Planilha UNA.xlsx,Relatório UBEM - Canal Brasil,Saudade,Day Macedo,SAUDADE,T-039.751.632-3,title_only
clean unified,Planilha UNA.xlsx,Relatório UBEM - Canal Brasil,Saudade,Day Macedo,SAUDADE,,title_only
clean unified,Planilha UNA.xlsx,Relatório UBEM - Canal Brasil,Saudade,Day Macedo,SAUDADE,T-305.264.938-0,title_only
clean unified,Planilha UNA.xlsx,Relatório UBEM - Canal Brasil,Penumbra,"Djonga,Rapaz Do Dread,Sarah Guedes",PENUMBRA,T-040.011.904-1,title_only
clean unified,Planilha UNA.xlsx,Relatório UBEM - Canal Brasil,Na Mão De Quem,"Dow Raiz,Marina Peralta",NA MÃO DE QUEM,T-325.956.784-1,title_only
clean unified,Planilha UNA.xlsx,Relatório UBEM - Canal Brasil,Cabeça Erguida,"Cynthia Luz,Drik Barbosa,Lourena",CABEÇA ERGUIDA,T-317.794.109-8,title_only
clean unified,Planilha UNA.xlsx,Relatório UBEM - Canal Brasil,Vermelho,Rodrigo Sant'anna,VERMELHO,T-313.315.106-7,title_only
clean unified,Planilha UNA.xlsx,Relatório UBEM - Canal Brasil,Sugar,Robin Schulz,SUGAR,T-039.948.077-3,title_only
clean unified,Planilha UNA.xlsx,Relatório UBEM - Canal Brasil,Macetando,"Ivete Sangalo,Ludmilla",MACETANDO,T-318.000.000-0,title_only
clean unified,Planilha UNA.xlsx,Relatório UBEM - Canal Brasil,Andarilho,Majur,ANDARILHO,T-330.191.305-9,title_only
clean unified,Planilha UNA.xlsx,Relatório UBEM - Canal Brasil,Vitória,Vital,VITÓRIA,,title_only
clean unified,Planilha UNA.xlsx,Relatório UBEM - Canal Brasil,Saudade,Day Macedo,SAUDADE,T-306.509.964-7,title_only
clean unified,Planilha UNA.xlsx,Relatório UBEM - Canal Brasil,Saudade,Day Macedo,SAUDADE,T-039.751.632-3,title_only
clean unified,Planilha UNA.xlsx,Relatório UBEM - Canal Brasil,Saudade,Day Macedo,SAUDADE,,title_only
clean unified,Planilha UNA.xlsx,Relatório UBEM - Canal Brasil,Saudade,Day Macedo,SAUDADE,T-305.264.938-0,title_only
clean unified,Planilha UNA.xlsx,Relatório UBEM - Canal Brasil,Morena,Clayton & Romário,MORENA,,title_only
clean unified,Planilha UNA.xlsx,Relatório UBEM - Canal Brasil,Morena,Clayton & Romário,MORENA,T-312.550.698-7,title_only
clean unified,Planilha UNA.xlsx,Relatório UBEM - Canal Brasil,Penumbra,"Djonga,Rapaz Do Dread,Sarah Guedes",PENUMBRA,T-040.011.904-1,title_only
clean unified,Planilha UNA.xlsx,Relatório UBEM - Canal Brasil,Na Mão De Quem,"Dow Raiz,Marina Peralta",NA MÃO DE QUEM,T-325.956.784-1,title_only
clean unified,Planilha UNA.xlsx,Relatório UBEM - Canal Brasil,Luz,Djavan,LUZ,T-040.285.617-0,title_only
clean unified,Planilha UNA.xlsx,Relatório UBEM - Canal Brasil,Luz,Djavan,LUZ,,title_only
clean unified,Planilha UNA.xlsx,Relatório UBEM - Canal Brasil,Luz,Djavan,LUZ,T-040.279.887-1,title_only
clean unified,Planilha UNA.xlsx,Relatório UBEM - Canal Brasil,Sugar,Robin Schulz,SUGAR,T-039.948.077-3,title_only
clean unified,Planilha UNA.xlsx,Relatório UBEM - Canal Brasil,Cabeça Erguida,"Cynthia Luz,Drik Barbosa,Lourena",CABEÇA ERGUIDA,T-317.794.109-8,title_only
clean unified,Planilha UNA.xlsx,Relatório UBEM - Canal Brasil,Macetando,"Ivete Sangalo,Ludmilla",MACETANDO,T-318.000.000-0,title_only
clean unified,Planilha UNA.xlsx,Relatório UBEM - Canal Brasil,Terremoto,"Anitta,Mc Kevinho",TERREMOTO,T-307.297.647-3,title_only
clean unified,Planilha UNA.xlsx,Relatório UBEM - Canal Brasil,Andarilho,Majur,ANDARILHO,T-330.191.305-9,title_only
clean unified,Planilha UNA.xlsx,Relatório UBEM - Canal Brasil,Primavera,"Francis Hime,Olivia Hime",PRIMAVERA,T-330.191.323-1,title_only
clean unified,Planilha UNA.xlsx,Relatório UBEM - Canal Brasil,Primavera,"Francis Hime,Olivia Hime",PRIMAVERA,T-040.160.962-8,title_only
clean unified,Planilha UNA.xlsx,Relatório UBEM - Canal Brasil,Morena,Clayton & Romário,MORENA,,title_only
clean unified,Planilha UNA.xlsx,Relatório UBEM - Canal Brasil,Morena,Clayton & Romário,MORENA,T-312.550.698-7,title_only
clean unified,Planilha UNA.xlsx,Relatório UBEM - Canal Brasil,Luz,Djavan,LUZ,T-040.285.617-0,title_only
clean unified,Planilha UNA.xlsx,Relatório UBEM - Canal Brasil,Luz,Djavan,LUZ,,title_only
clean unified,Planilha UNA.xlsx,Relatório UBEM - Canal Brasil,Luz,Djavan,LUZ,T-040.279.887-1,title_only
clean unified,Planilha UNA.xlsx,Relatório UBEM - Canal Brasil,Idgaf,Dua Lipa,IDGAF,T-304.308.877-9,title_only
clean unified,Planilha UNA.xlsx,Relatório UBEM - Canal Brasil,Letícia,"Duguinho Do Acordeon,Jota Reis,Samir Trindade,Saymon Marques",LETICIA,T-039.948.058-0,title_only
clean unified,Planilha UNA.xlsx,Relatório UBEM - Canal Brasil,Cabeça Erguida,"Cynthia Luz,Drik Barbosa,Lourena",CABEÇA ERGUIDA,T-317.794.109-8,title_only
clean unified,Planilha UNA.xlsx,Relatório UBEM - Canal Brasil,Baile De Favela,Mc João,BAILE DE FAVELA,T-303.383.693-6,title_only
clean unified,Planilha UNA.xlsx,Relatório UBEM - Canal Brasil,Do Lado De Cá,Chimarruts,DO LADO DE CÁ,,title_only
clean unified,Planilha UNA.xlsx,Relatório UBEM - Canal Brasil,Primavera,"Francis Hime,Olivia Hime",PRIMAVERA,T-330.191.323-1,title_only
clean unified,Planilha UNA.xlsx,Relatório UBEM - Canal Brasil,Primavera,"Francis Hime,Olivia Hime",PRIMAVERA,T-040.160.962-8,title_only
clean unified,Planilha UNA.xlsx,Relatório UBEM - Canal Brasil,Aurora,Simone Lial,AURORA,,title_only
clean unified,Planilha UNA.xlsx,Relatório UBEM - Canal Brasil,Pegando Fogo,Simone Lial,PEGANDO FOGO,T-305.213.998-3,title_only
clean unified,Planilha UNA.xlsx,Relatório UBEM - Canal Brasil,Invisível,Jovem Dionisio,INVISÍVEL,T-327.329.923-9,title_only
clean unified,Planilha UNA.xlsx,Relatório UBEM - Canal Brasil,Sinto Muito,Jovem Dionisio,SINTO MUITO,T-325.460.763-7,title_only
clean unified,Planilha UNA.xlsx,Relatório UBEM - Canal Brasil,Sebastiana,Luiz Gonzaga,SEBASTIANA,,title_only
clean unified,Planilha UNA.xlsx,Relatório UBEM - Canal Brasil,Girassol,Fábio Porchat,GIRASSOL,T-335.572.256-0,title_only
clean unified,Planilha UNA.xlsx,Relatório UBEM - Canal Brasil,Doce,Jão,DOCE,,title_only
clean unified,Planilha UNA.xlsx,Relatório UBEM - Canal Brasil,Doce,Jão,DOCE,T-313.795.621-5,title_only
clean unified,Planilha UNA.xlsx,Relatório UBEM - Canal Brasil,Cabeça Erguida,"Cynthia Luz,Drik Barbosa,Lourena",CABEÇA ERGUIDA,T-317.794.109-8,title_only
clean unified,Planilha UNA.xlsx,Relatório UBEM - Canal Brasil,Sugar,Maroon 5,SUGAR,T-039.948.077-3,title_only
clean unified,Planilha UNA.xlsx,Relatório UBEM - Canal Brasil,Terremoto,"Anitta,Mc Kevinho",TERREMOTO,T-307.297.647-3,title_only
clean unified,Planilha UNA.xlsx,Relatório UBEM - Canal Brasil,Vitória,Vital,VITÓRIA,,title_only
clean unified,Planilha UNA.xlsx,Relatório UBEM - Canal Brasil,Primavera,"Francis Hime,Olivia Hime",PRIMAVERA,T-330.191.323-1,title_only
clean unified,Planilha UNA.xlsx,Relatório UBEM - Canal Brasil,Primavera,"Francis Hime,Olivia Hime",PRIMAVERA,T-040.160.962-8,title_only
clean unified,Planilha UNA.xlsx,Relatório UBEM - Canal Brasil,Aurora,Simone Lial,AURORA,,title_only
clean unified,Planilha UNA.xlsx,Relatório UBEM - Canal Brasil,Pegando Fogo,Simone Lial,PEGANDO FOGO,T-305.213.998-3,title_only
clean unified,Planilha UNA.xlsx,Relatório UBEM - Canal Brasil,Saudade,Day Macedo,SAUDADE,T-306.509.964-7,title_only
clean unified,Planilha UNA.xlsx,Relatório UBEM - Canal Brasil,Saudade,Day Macedo,SAUDADE,T-039.751.632-3,title_only
clean unified,Planilha UNA.xlsx,Relatório UBEM - Canal Brasil,Saudade,Day Macedo,SAUDADE,,title_only
clean unified,Planilha UNA.xlsx,Relatório UBEM - Canal Brasil,Saudade,Day Macedo,SAUDADE,T-305.264.938-0,title_only
clean unified,Planilha UNA.xlsx,Relatório UBEM - Canal Brasil,Luz,Djavan,LUZ,T-040.285.617-0,title_only
clean unified,Planilha UNA.xlsx,Relatório UBEM - Canal Brasil,Luz,Djavan,LUZ,,title_only
clean unified,Planilha UNA.xlsx,Relatório UBEM - Canal Brasil,Luz,Djavan,LUZ,T-040.279.887-1,title_only
clean unified,Planilha UNA.xlsx,Relatório UBEM - Canal Brasil,Sugar,Robin Schulz,SUGAR,T-039.948.077-3,title_only
clean unified,Planilha UNA.xlsx,Relatório UBEM - Canal Brasil,Cabeça Erguida,"Cynthia Luz,Drik Barbosa,Lourena",CABEÇA ERGUIDA,T-317.794.109-8,title_only
clean unified,Planilha UNA.xlsx,Relatório UBEM - Canal Brasil,Baile De Favela,Mc João,BAILE DE FAVELA,T-303.383.693-6,title_only
clean unified,Planilha UNA.xlsx,Relatório UBEM - Canal Brasil,Sugar,Robin Schulz,SUGAR,T-039.948.077-3,title_only
clean unified,Planilha UNA.xlsx,Relatório UBEM - Canal Brasil,Brisa,Iza,BRISA,T-315.799.145-8,title_only
clean unified,Planilha UNA.xlsx,Relatório UBEM - Canal Brasil,Brisa,Iza,BRISA,T-316.180.981-6,title_only
clean unified,Planilha UNA.xlsx,Relatório UBEM - Canal Brasil,Brisa,Iza,BRISA,T-326.766.166-1,title_only
clean unified,Planilha UNA.xlsx,Relatório UBEM - Canal Brasil,Andarilho,Majur,ANDARILHO,T-330.191.305-9,title_only
clean unified,Planilha UNA.xlsx,Relatório UBEM - Canal Brasil,Vitória,Vital,VITÓRIA,,title_only
clean unified,Planilha UNA.xlsx,Relatório UBEM - Canal Brasil,Agradece,Marina Peralta,AGRADECE,T-040.279.886-0,title_only
clean unified,Planilha UNA.xlsx,Relatório UBEM - Canal Brasil,Demarcação,Marina Peralta,DEMARCAÇÃO,T-313.247.524-8,title_only
clean unified,Planilha UNA.xlsx,Relatório UBEM - Canal Brasil,Ela Encanta,Marina Peralta,ELA ENCANTA,T-040.279.892-8,title_only
clean unified,Planilha UNA.xlsx,Relatório UBEM - Canal Brasil,Garoa,Marina Peralta,GAROA,T-040.279.889-3,title_only
clean unified,Planilha UNA.xlsx,Relatório UBEM - Canal Brasil,Larga-Te,Marina Peralta,LARGA-TE,T-335.236.280-8,title_only
clean unified,Planilha UNA.xlsx,Relatório UBEM - Canal Brasil,Mama Respect,Marina Peralta,MAMA RESPECT,T-040.437.544-5,title_only
clean unified,Planilha UNA.xlsx,Relatório UBEM - Canal Brasil,Mulheres No Controle,Marina Peralta,MULHERES NO CONTROLE,T-305.619.569-4,title_only
clean unified,Planilha UNA.xlsx,Relatório UBEM - Canal Brasil,Pay Attention,Marina Peralta,PAY ATTENTION,T-304.710.519-7,title_only
clean unified,Planilha UNA.xlsx,Relatório UBEM - Canal Brasil,Peço Licença,Marina Peralta,PEÇO LICENÇA,T-335.361.863-6,title_only
clean unified,Planilha UNA.xlsx,Relatório UBEM - Canal Brasil,Saudade,Day Macedo,SAUDADE,T-306.509.964-7,title_only
clean unified,Planilha UNA.xlsx,Relatório UBEM - Canal Brasil,Saudade,Day Macedo,SAUDADE,T-039.751.632-3,title_only
clean unified,Planilha UNA.xlsx,Relatório UBEM - Canal Brasil,Saudade,Day Macedo,SAUDADE,,title_only
clean unified,Planilha UNA.xlsx,Relatório UBEM - Canal Brasil,Saudade,Day Macedo,SAUDADE,T-305.264.938-0,title_only
clean unified,Planilha UNA.xlsx,Relatório UBEM - Canal Brasil,Luz,Djavan,LUZ,T-040.285.617-0,title_only
clean unified,Planilha UNA.xlsx,Relatório UBEM - Canal Brasil,Luz,Djavan,LUZ,,title_only
clean unified,Planilha UNA.xlsx,Relatório UBEM - Canal Brasil,Luz,Djavan,LUZ,T-040.279.887-1,title_only
clean unified,Planilha UNA.xlsx,Relatório UBEM - Canal Brasil,Sebastiana,Luiz Gonzaga,SEBASTIANA,,title_only
clean unified,Planilha UNA.xlsx,Relatório UBEM - Canal Brasil,Idgaf,"Brendon Urie,Ciara O'connor,Dua Lipa,Maitre Gims,Mnek,Noah A Seelmann,Saweetie,Todd Sherman Clark,Uzoechi Osisioma Emenike",IDGAF,T-304.308.877-9,title_only
clean unified,Planilha UNA.xlsx,Relatório UBEM - Canal Brasil,Girassol,Fábio Porchat,GIRASSOL,T-335.572.256-0,title_only
clean unified,Planilha UNA.xlsx,Relatório UBEM - Canal Brasil,Espelho,João Nogueira,ESPELHO,T-931.652.333-8,title_only
clean unified,Planilha UNA.xlsx,Relatório UBEM - Canal Brasil,Espelho,João Nogueira,ESPELHO,T-335.571.845-1,title_only
clean unified,Planilha UNA.xlsx,Relatório UBEM - Canal Brasil,Vermelho,Rodrigo Sant'anna,VERMELHO,T-313.315.106-7,title_only
clean unified,Planilha UNA.xlsx,Relatório UBEM - Canal Brasil,Baile De Favela,Mc João,BAILE DE FAVELA,T-303.383.693-6,title_only
clean unified,Planilha UNA.xlsx,Relatório UBEM - Canal Brasil,Doce,Posada E O Clã,DOCE,,title_only
clean unified,Planilha UNA.xlsx,Relatório UBEM - Canal Brasil,Doce,Posada E O Clã,DOCE,T-313.795.621-5,title_only
clean unified,Planilha UNA.xlsx,Relatório UBEM - Canal Brasil,Faxina,Posada E O Clã,FAXINA,T-040.275.773-6,title_only
clean unified,Planilha UNA.xlsx,Relatório UBEM - Canal Brasil,Camomila,Kell Smith,CAMOMILA,T-322.010.798-8,title_only
clean unified,Planilha UNA.xlsx,Relatório UBEM - Canal Brasil,Sebastiana,Luiz Gonzaga,SEBASTIANA,,title_only
clean unified,Planilha UNA.xlsx,Relatório UBEM - Canal Brasil,Te Prometo,"Dennis Dj,Mc Don Juan",TE PROMETO,T-313.277.717-0,title_only
clean unified,Planilha UNA.xlsx,Relatório UBEM - Canal Brasil,Sugar,Maroon 5,SUGAR,T-039.948.077-3,title_only
clean unified,Planilha UNA.xlsx,Relatório UBEM - Canal Brasil,Summertime,Personagem Tieta,SUMMERTIME,T-317.793.940-7,title_only
clean unified,Planilha UNA.xlsx,Relatório UBEM - Canal Brasil,Summertime,Personagem Tieta,SUMMERTIME,T-317.793.940-7,title_only
clean unified,Planilha UNA.xlsx,Relatório UBEM - Canal Brasil,Criminal,Britney Spears,CRIMINAL,T-932.737.486-7,title_only
clean unified,Planilha UNA.xlsx,Relatório UBEM - Canal Brasil,Opening,Bruce Brubaker,OPENING,,title_only
clean unified,Planilha UNA.xlsx,Relatório UBEM - Canal Brasil,Leticia,Ze Vaqueiro,LETICIA,T-039.948.058-0,title_only
clean unified,Planilha UNA.xlsx,Relatório UBEM - Canal Brasil,Mais Uma Vez,Marisa Monte,MAIS UMA VEZ,T-330.191.320-8,title_only
clean unified,Planilha UNA.xlsx,Relatório UBEM - Canal Brasil,Tudo,Liniker,TUDO,T-301.718.723-0,title_only
clean unified,Planilha UNA.xlsx,Relatório UBEM - Canal Brasil,Perfume,Belo,PERFUME,T-305.215.262-8,title_only
clean unified,Planilha UNA.xlsx,Relatório UBEM - Canal Brasil,Fetiche,Lauana Prado,FETICHE,T-316.009.896-0,title_only
clean unified,Planilha UNA.xlsx,Relatório UBEM - Canal Brasil,Sou Eu,Ludmilla,SOU EU,T-042.615.532-9,title_only
clean unified,Planilha UNA.xlsx,Relatório UBEM - Canal Brasil,Fuleragem,Mc Wm,FULERAGEM,T-305.214.250-0,title_only
clean unified,Planilha UNA.xlsx,Relatório UBEM - Canal Brasil,Maquina Do Tempo,Matue,MAQUINA DO TEMPO,T-040.341.279-2,title_only
clean unified,Planilha UNA.xlsx,Relatório UBEM - Canal Brasil,Maquina Do Tempo,Matue,MÁQUINA DO TEMPO,T-301.567.051-2,title_only
clean unified,Planilha UNA.xlsx,Relatório UBEM - Canal Brasil,Sinais,Sorriso Maroto,SINAIS,T-039.662.232-4,title_only
clean unified,Planilha UNA.xlsx,Relatório UBEM - Canal Brasil,Cabeca Erguida,"Cynthia Luz,Drik Barbosa,Lourena",CABEÇA ERGUIDA,T-317.794.109-8,title_only
clean unified,Planilha UNA.xlsx,Relatório UBEM - Canal Brasil,Mil Motivos,Rachel Novaes,MIL MOTIVOS,,title_only
clean unified,Planilha UNA.xlsx,Relatório UBEM - Canal Brasil,Mil Motivos,Rachel Novaes,MIL MOTIVOS,,title_only
clean unified,Planilha UNA.xlsx,Relatório UBEM - Canal Brasil,Maria,Roberta Miranda,MARIA,T-307.006.304-2,title_only
clean unified,Planilha UNA.xlsx,Relatório UBEM - Canal Brasil,Maria,Roberta Miranda,MARIA,T-311.953.638-4,title_only
clean unified,Planilha UNA.xlsx,Relatório UBEM - Canal Brasil,Alvorada,"Alcione,Cartola",ALVORADA,T-040.011.846-8,title_only
clean unified,Planilha UNA.xlsx,Relatório UBEM - Canal Brasil,Alvorada,"Alcione,Cartola",ALVORADA,,title_only
clean unified,Planilha UNA.xlsx,Relatório UBEM - Canal Brasil,Copacabana,Salome Da Bahia,COPACABANA,,title_only
clean unified,Planilha UNA.xlsx,Relatório UBEM - Canal Brasil,Copacabana,Salome Da Bahia,COPACABANA,,title_only
clean unified,Planilha UNA.xlsx,Relatório UBEM - Canal Brasil,Copacabana,Salome Da Bahia,COPACABANA,,title_only
clean unified,Planilha UNA.xlsx,Relatório UBEM - Canal Brasil,Copacabana,Salome Da Bahia,COPACABANA,,title_only
clean unified,Planilha UNA.xlsx,Relatório UBEM - Canal Brasil,Copacabana,Salome Da Bahia,COPACABANA,,title_only
clean unified,Planilha UNA.xlsx,Relatório UBEM - Canal Brasil,Copacabana,Salome Da Bahia,COPACABANA,,title_only
clean unified,Planilha UNA.xlsx,Relatório UBEM - Canal Brasil,Copacabana,Salome Da Bahia,COPACABANA,,title_only
clean unified,Planilha UNA.xlsx,Relatório UBEM - Canal Brasil,Copacabana,Salome Da Bahia,COPACABANA,,title_only
clean unified,Planilha UNA.xlsx,Relatório UBEM - Canal Brasil,Copacabana,Salome Da Bahia,COPACABANA,,title_only
clean unified,Planilha UNA.xlsx,Relatório UBEM - Canal Brasil,Copacabana,Salome Da Bahia,COPACABANA,,title_only
clean unified,Planilha UNA.xlsx,Relatório UBEM - Canal Brasil,Copacabana,Salome Da Bahia,COPACABANA,,title_only
clean unified,Planilha UNA.xlsx,Relatório UBEM - Canal Brasil,Copacabana,Salome Da Bahia,COPACABANA,,title_only
clean unified,Planilha UNA.xlsx,Relatório UBEM - Canal Brasil,Copacabana,Salome Da Bahia,COPACABANA,,title_only
clean unified,Planilha UNA.xlsx,Relatório UBEM - Canal Brasil,Copacabana,Salome Da Bahia,COPACABANA,,title_only
clean unified,Planilha UNA.xlsx,Relatório UBEM - Canal Brasil,Copacabana,Salome Da Bahia,COPACABANA,,title_only
clean unified,Planilha UNA.xlsx,Relatório UBEM - Canal Brasil,Copacabana,Rex Gildo,COPACABANA,,title_only
clean unified,Planilha UNA.xlsx,Relatório UBEM - Canal Brasil,Copacabana,Salome Da Bahia,COPACABANA,,title_only
clean unified,Planilha UNA.xlsx,Relatório UBEM - Canal Brasil,Copacabana,Salome Da Bahia,COPACABANA,,title_only
clean unified,Planilha UNA.xlsx,Relatório UBEM - Canal Brasil,Copacabana,Salome Da Bahia,COPACABANA,,title_only
clean unified,Planilha UNA.xlsx,Relatório UBEM - Canal Brasil,Copacabana,Rex Gildo,COPACABANA,,title_only
clean unified,Planilha UNA.xlsx,Relatório UBEM - Canal Brasil,Tira A Camisa,"Elenco,Plateia",TIRA A CAMISA,T-040.165.605-0,title_only
clean unified,Planilha UNA.xlsx,Relatório UBEM - Canal Brasil,Tempo,Elenco,TEMPO,T-039.406.064-0,title_only
clean unified,Planilha UNA.xlsx,Relatório UBEM - Canal Brasil,Tempo,Elenco,TEMPO,T-323.976.460-0,title_only
clean unified,Planilha UNA.xlsx,Relatório UBEM - Canal Brasil,Sebastiana,Anonimo,SEBASTIANA,,title_only
clean unified,Planilha UNA.xlsx,Relatório UBEM - Canal Brasil,Sebastiana,Anonimo,SEBASTIANA,,title_only
clean unified,Planilha UNA.xlsx,Relatório UBEM - Canal Brasil,Tempo,Lucy Alves,TEMPO,T-039.406.064-0,title_only
clean unified,Planilha UNA.xlsx,Relatório UBEM - Canal Brasil,Tempo,Lucy Alves,TEMPO,T-323.976.460-0,title_only
clean unified,Planilha UNA.xlsx,Relatório UBEM - Canal Brasil,Copacabana,Salome Da Bahia,COPACABANA,,title_only
clean unified,Planilha UNA.xlsx,Relatório UBEM - Canal Brasil,Copacabana,Salome Da Bahia,COPACABANA,,title_only
clean unified,Planilha UNA.xlsx,Relatório UBEM - Canal Brasil,Copacabana,Salome Da Bahia,COPACABANA,,title_only
clean unified,Planilha UNA.xlsx,Relatório UBEM - Canal Brasil,Carcara,Anonimo,CARCARA,T-040.347.911-7,title_only
clean unified,Planilha UNA.xlsx,Relatório UBEM - Canal Brasil,Carcara,Anonimo,CARCARÁ,T-308.468.519-4,title_only
clean unified,Planilha UNA.xlsx,Relatório UBEM - Canal Brasil,Ave Maria,Claudia Ohana,AVE MARIA,T-040.076.547-0,title_only
clean unified,Planilha UNA.xlsx,Relatório UBEM - Canal Brasil,Aurora,Não Identificado,AURORA,,title_only
clean unified,Planilha UNA.xlsx,Relatório UBEM - Canal Brasil,Tempo,Elenco,TEMPO,T-039.406.064-0,title_only
clean unified,Planilha UNA.xlsx,Relatório UBEM - Canal Brasil,Tempo,Elenco,TEMPO,T-323.976.460-0,title_only
clean unified,Planilha UNA.xlsx,Relatório UBEM - Canal Brasil,Primavera,Não Identificado,PRIMAVERA,T-330.191.323-1,title_only
clean unified,Planilha UNA.xlsx,Relatório UBEM - Canal Brasil,Primavera,Não Identificado,PRIMAVERA,T-040.160.962-8,title_only
clean unified,Planilha UNA.xlsx,Relatório UBEM - Canal Brasil,Tempo,Lucy Alves,TEMPO,T-039.406.064-0,title_only
clean unified,Planilha UNA.xlsx,Relatório UBEM - Canal Brasil,Tempo,Lucy Alves,TEMPO,T-323.976.460-0,title_only
clean unified,Planilha UNA.xlsx,Relatório UBEM - Canal Brasil,Carcara,Anonimo,CARCARA,T-040.347.911-7,title_only
clean unified,Planilha UNA.xlsx,Relatório UBEM - Canal Brasil,Carcara,Anonimo,CARCARÁ,T-308.468.519-4,title_only
clean unified,Planilha UNA.xlsx,Relatório UBEM - Canal Brasil,Copacabana,Salome Da Bahia,COPACABANA,,title_only
clean unified,Planilha UNA.xlsx,Relatório UBEM - Canal Brasil,Copacabana,Salome Da Bahia,COPACABANA,,title_only
clean unified,Planilha UNA.xlsx,Relatório UBEM - Canal Brasil,Copacabana,Salome Da Bahia,COPACABANA,,title_only
clean unified,Planilha UNA.xlsx,Relatório UBEM - Canal Brasil,Copacabana,Salome Da Bahia,COPACABANA,,title_only
clean unified,Planilha UNA.xlsx,Relatório UBEM - Canal Brasil,Copacabana,Rex Gildo,COPACABANA,,title_only
clean unified,Planilha UNA.xlsx,Relatório UBEM - Canal Brasil,Final Feliz,J. Eskine,FINAL FELIZ,T-315.996.147-0,title_only
clean unified,Planilha UNA.xlsx,Relatório UBEM - Canal Brasil,Carolina,"Pedrinho Do Cavaco,Rafael Portugal",CAROLINA,,title_only
clean unified,Planilha UNA.xlsx,Relatório UBEM - Canal Brasil,Logo Eu,Natanzinho Lima,LOGO EU,,title_only
clean unified,Planilha UNA.xlsx,Relatório UBEM - Canal Brasil,Te Amo,Wanderlea,TE AMO,,title_only
clean unified,Planilha UNA.xlsx,Relatório UBEM - Canal Brasil,Fama,Beth Lamas,FAMA,T-324.681.088-4,title_only
clean unified,Planilha UNA.xlsx,Relatório UBEM - Canal Brasil,Gratidao,L7Nnon,GRATIDÃO,T-305.217.523-8,title_only
clean unified,Planilha UNA.xlsx,Relatório UBEM - Canal Brasil,O Vento,Los Hermanos,O VENTO,T-039.311.309-1,title_only
clean unified,Planilha UNA.xlsx,Relatório UBEM - Canal Brasil,Gatilho,Matheus & Kauan,GATILHO,T-327.661.162-8,title_only
clean unified,Planilha UNA.xlsx,Relatório UBEM - Canal Brasil,Aquelas Coisas,"João Mendes,Manu Bahtidão",AQUELAS COISAS,T-317.817.145-0,title_only
clean unified,Planilha UNA.xlsx,Relatório UBEM - Canal Brasil,Copacabana,Salome Da Bahia,COPACABANA,,title_only
clean unified,Planilha UNA.xlsx,Relatório UBEM - Canal Brasil,Copacabana,Salome Da Bahia,COPACABANA,,title_only
clean unified,Planilha UNA.xlsx,Relatório UBEM - Canal Brasil,Copacabana,Rex Gildo,COPACABANA,,title_only
clean unified,Planilha UNA.xlsx,Relatório UBEM - Canal Brasil,Maravilhosa,Ze Vaqueiro,MARAVILHOSA,T-306.797.414-1,title_only
clean unified,Planilha UNA.xlsx,Relatório UBEM - Canal Brasil,Felicidade,Personagem Foguinho,FELICIDADE,,title_only
clean unified,Planilha UNA.xlsx,Relatório UBEM - Canal Brasil,Felicidade,Rita Lee,FELICIDADE,,title_only
clean unified,Planilha UNA.xlsx,Relatório UBEM - Canal Brasil,Rosa,Não Identificado,ROSA,T-039.167.643-9,title_only
clean unified,Planilha UNA.xlsx,Relatório UBEM - Canal Brasil,Baile De Favela,Mc Joao,BAILE DE FAVELA,T-303.383.693-6,title_only
clean unified,Planilha UNA.xlsx,Relatório UBEM - Canal Brasil,Sebastiana,Anonimo,SEBASTIANA,,title_only
clean unified,Planilha UNA.xlsx,Relatório UBEM - Canal Brasil,Copacabana,Salome Da Bahia,COPACABANA,,title_only
clean unified,Planilha UNA.xlsx,Relatório UBEM - Canal Brasil,Caras E Bocas,Chicas,CARAS E BOCAS,T-042.817.834-0,title_only
clean unified,Planilha UNA.xlsx,Relatório UBEM - Canal Brasil,Pantanal,Maria Bethania,PANTANAL,T-318.464.891-3,title_only
clean unified,Planilha UNA.xlsx,Relatório UBEM - Canal Brasil,Sebastiana,Anonimo,SEBASTIANA,,title_only
clean unified,Planilha UNA.xlsx,Relatório UBEM - Canal Brasil,Sebastiana,Anonimo,SEBASTIANA,,title_only
clean unified,Planilha UNA.xlsx,Relatório UBEM - Canal Brasil,Vida,Padre Fabio De Melo,VIDA,,title_only
clean unified,Planilha UNA.xlsx,Relatório UBEM - Canal Brasil,Malandramente,Elenco Vai Que Cola,MALANDRAMENTE,T-308.115.009-2,title_only
clean unified,Planilha UNA.xlsx,Relatório UBEM - Canal Brasil,Vinganca,Linda Batista,VINGANÇA,T-040.226.902-6,title_only
clean unified,Planilha UNA.xlsx,Relatório UBEM - Canal Brasil,Vem Na Minha,Kelly Key,VEM NA MINHA,T-042.817.833-9,title_only
clean unified,Planilha UNA.xlsx,Relatório UBEM - Canal Brasil,Minueto,Não Identificado,MINUETO,T-039.167.536-7,title_only
clean unified,Planilha UNA.xlsx,Relatório UBEM - Canal Brasil,Máscara,Day,MÁSCARA,,title_only
clean unified,Planilha UNA.xlsx,Relatório UBEM - Canal Brasil,Verdade,Karinah,VERDADE,T-302.003.913-4,title_only
clean unified,Planilha UNA.xlsx,Relatório UBEM - Canal Brasil,Sonho,Não Identificado,SONHO,T-039.218.960-4,title_only
clean unified,Planilha UNA.xlsx,Relatório UBEM - Canal Brasil,Sonho,Não Identificado,SONHO,,title_only
clean unified,Planilha UNA.xlsx,Relatório UBEM - Canal Brasil,Macetando,"Ivete Sangalo,Ludmilla",MACETANDO,T-318.000.000-0,title_only
clean unified,Planilha UNA.xlsx,Relatório UBEM - Canal Brasil,2020,Sbtrkt,2020,T-301.721.117-1,title_only
clean unified,Planilha UNA.xlsx,Relatório UBEM - Canal Brasil,2020,Sbtrkt,2020,,title_only
clean unified,Planilha UNA.xlsx,Relatório UBEM - Canal Brasil,Dança Do Pombo,Mc Faisca,DANÇA DO POMBO,T-315.906.851-2,title_only
clean unified,Planilha UNA.xlsx,Relatório UBEM - Canal Brasil,Sebastiana,Luiz Gonzaga,SEBASTIANA,,title_only
clean unified,Planilha UNA.xlsx,Relatório UBEM - Canal Brasil,Coragem,Diogo Nogueira,CORAGEM,T-040.522.266-3,title_only
clean unified,Planilha UNA.xlsx,Relatório UBEM - Canal Brasil,Coragem,Diogo Nogueira,CORAGEM,,title_only
clean unified,Planilha UNA.xlsx,Relatório UBEM - Canal Brasil,Rio Babilônia,Jorge Ben Jor,RIO BABILÔNIA,T-311.596.075-9,title_only
clean unified,Planilha UNA.xlsx,Relatório UBEM - Canal Brasil,Bem Te Vi,Tetê Espíndola,BEM TE VI,T-315.798.949-2,title_only
clean unified,Planilha UNA.xlsx,Relatório UBEM - Canal Brasil,Coragem,Diogo Nogueira,CORAGEM,T-040.522.266-3,title_only
clean unified,Planilha UNA.xlsx,Relatório UBEM - Canal Brasil,Coragem,Diogo Nogueira,CORAGEM,,title_only
clean unified,Planilha UNA.xlsx,Relatório UBEM - Canal Brasil,Revoada,Quinteto Armorial,REVOADA,T-306.358.236-1,title_only
clean unified,Planilha UNA.xlsx,Relatório UBEM - Canal Brasil,Bem Te Vi,Tetê Espíndola,BEM TE VI,T-315.798.949-2,title_only
clean unified,Planilha UNA.xlsx,Relatório UBEM - Canal Brasil,Sebastiana,Luiz Gonzaga,SEBASTIANA,,title_only
clean unified,Planilha UNA.xlsx,Relatório UBEM - Canal Brasil,Revoada,Quinteto Armorial,REVOADA,T-306.358.236-1,title_only
clean unified,Planilha UNA.xlsx,Relatório UBEM - Canal Brasil,Coragem,Diogo Nogueira,CORAGEM,T-040.522.266-3,title_only
clean unified,Planilha UNA.xlsx,Relatório UBEM - Canal Brasil,Coragem,Diogo Nogueira,CORAGEM,,title_only
clean unified,Planilha UNA.xlsx,Relatório UBEM - Canal Brasil,Tudo,Liniker,TUDO,T-301.718.723-0,title_only
clean unified,Planilha UNA.xlsx,Relatório UBEM - Canal Brasil,Coragem,Diogo Nogueira,CORAGEM,T-040.522.266-3,title_only
clean unified,Planilha UNA.xlsx,Relatório UBEM - Canal Brasil,Coragem,Diogo Nogueira,CORAGEM,,title_only
clean unified,Planilha UNA.xlsx,Relatório UBEM - Canal Brasil,Revoada,Quinteto Armorial,REVOADA,T-306.358.236-1,title_only
clean unified,Planilha UNA.xlsx,Relatório UBEM - Canal Brasil,Coragem,Diogo Nogueira,CORAGEM,T-040.522.266-3,title_only
clean unified,Planilha UNA.xlsx,Relatório UBEM - Canal Brasil,Coragem,Diogo Nogueira,CORAGEM,,title_only
clean unified,Planilha UNA.xlsx,Relatório UBEM - Canal Brasil,Sebastiana,Luiz Gonzaga,SEBASTIANA,,title_only
clean unified,Planilha UNA.xlsx,Relatório UBEM - Canal Brasil,Coragem,Diogo Nogueira,CORAGEM,T-040.522.266-3,title_only
clean unified,Planilha UNA.xlsx,Relatório UBEM - Canal Brasil,Coragem,Diogo Nogueira,CORAGEM,,title_only
clean unified,Planilha UNA.xlsx,Relatório UBEM - Canal Brasil,Rio Babilônia,Jorge Ben Jor,RIO BABILÔNIA,T-311.596.075-9,title_only
clean unified,Planilha UNA.xlsx,Relatório UBEM - Canal Brasil,Tudo,Liniker,TUDO,T-301.718.723-0,title_only
clean unified,Planilha UNA.xlsx,Relatório UBEM - Canal Brasil,Fetiche,Baco Exu Do Blues,FETICHE,T-316.009.896-0,title_only
clean unified,Planilha UNA.xlsx,Relatório UBEM - Canal Brasil,Fetiche,Baco Exu Do Blues,FETICHE,T-316.009.896-0,title_only
clean unified,Planilha UNA.xlsx,Relatório UBEM - Canal Brasil,Macetando,"Ivete Sangalo,Ludmilla",MACETANDO,T-318.000.000-0,title_only
clean unified,Planilha UNA.xlsx,Relatório UBEM - Canal Brasil,Idgaf,"Brendon Urie,Ciara O'connor,Dua Lipa,Maitre Gims,Mnek,Noah A Seelmann,Saweetie,Todd Sherman Clark,Uzoechi Osisioma Emenike",IDGAF,T-304.308.877-9,title_only
clean unified,Planilha UNA.xlsx,Relatório UBEM - Canal Brasil,É O Que Me Interessa,Lenine,E O QUE ME INTERESSA,T-042.618.597-8,title_only
clean unified,Planilha UNA.xlsx,Relatório UBEM - Canal Brasil,Essa É Pra Você,Arthur Espindola,ESSA É PRA VOCE,T-040.048.737-7,title_only
clean unified,Planilha UNA.xlsx,Relatório UBEM - Canal Brasil,Vermelho,Chico Da Silva,VERMELHO,T-313.315.106-7,title_only
clean unified,Planilha UNA.xlsx,Relatório UBEM - Canal Brasil,Maria,Roberta Miranda,MARIA,T-307.006.304-2,title_only
clean unified,Planilha UNA.xlsx,Relatório UBEM - Canal Brasil,Maria,Roberta Miranda,MARIA,T-311.953.638-4,title_only
clean unified,Planilha UNA.xlsx,Relatório UBEM - Canal Brasil,Essa É Pra Você,Arthur Espindola,ESSA É PRA VOCE,T-040.048.737-7,title_only
clean unified,Planilha UNA.xlsx,Relatório UBEM - Canal Brasil,Vermelho,Chico Da Silva,VERMELHO,T-313.315.106-7,title_only
clean unified,Planilha UNA.xlsx,Relatório UBEM - Canal Brasil,Simbolo Da Paz,Ventania,SÍMBOLO DA PAZ,,title_only
clean unified,Planilha UNA.xlsx,Relatório UBEM - Canal Brasil,Paciência,"Alcione,Ferrugem",PACIENCIA,T-039.497.721-9,title_only
clean unified,Planilha UNA.xlsx,Relatório UBEM - Canal Brasil,Paciência,"Alcione,Ferrugem",PACIÊNCIA,T-040.522.253-8,title_only
clean unified,Planilha UNA.xlsx,Relatório UBEM - Canal Brasil,Sugar,Maroon 5,SUGAR,T-039.948.077-3,title_only
clean unified,Planilha UNA.xlsx,Relatório UBEM - Canal Brasil,Idgaf,Dua Lipa,IDGAF,T-304.308.877-9,title_only
clean unified,Planilha UNA.xlsx,Relatório UBEM - Canal Brasil,Maria,Roberta Miranda,MARIA,T-307.006.304-2,title_only
clean unified,Planilha UNA.xlsx,Relatório UBEM - Canal Brasil,Maria,Roberta Miranda,MARIA,T-311.953.638-4,title_only
clean unified,Planilha UNA.xlsx,Relatório UBEM - Canal Brasil,Essa É Pra Você,Arthur Espindola,ESSA É PRA VOCE,T-040.048.737-7,title_only
clean unified,Planilha UNA.xlsx,Relatório UBEM - Canal Brasil,Vermelho,Chico Da Silva,VERMELHO,T-313.315.106-7,title_only
clean unified,Planilha UNA.xlsx,Relatório UBEM - Canal Brasil,Maria,Roberta Miranda,MARIA,T-307.006.304-2,title_only
clean unified,Planilha UNA.xlsx,Relatório UBEM - Canal Brasil,Maria,Roberta Miranda,MARIA,T-311.953.638-4,title_only
clean unified,Planilha UNA.xlsx,Relatório UBEM - Canal Brasil,Paciência,"Alcione,Ferrugem",PACIENCIA,T-039.497.721-9,title_only
clean unified,Planilha UNA.xlsx,Relatório UBEM - Canal Brasil,Paciência,"Alcione,Ferrugem",PACIÊNCIA,T-040.522.253-8,title_only
clean unified,Planilha UNA.xlsx,Relatório UBEM - Canal Brasil,Felicidade,Seu Jorge,FELICIDADE,,title_only
clean unified,Planilha UNA.xlsx,Relatório UBEM - Canal Brasil,Alvorada,Teresa Cristina,ALVORADA,T-040.011.846-8,title_only
clean unified,Planilha UNA.xlsx,Relatório UBEM - Canal Brasil,Alvorada,Teresa Cristina,ALVORADA,,title_only
clean unified,Planilha UNA.xlsx,Relatório UBEM - Canal Brasil,Travessia,Milton Nascimento,TRAVESSIA,T-313.642.509-3,title_only
clean unified,Planilha UNA.xlsx,Relatório UBEM - Canal Brasil,Felicidade,Seu Jorge,FELICIDADE,,title_only
clean unified,Planilha UNA.xlsx,Relatório UBEM - Canal Brasil,Alvorada,Teresa Cristina,ALVORADA,T-040.011.846-8,title_only
clean unified,Planilha UNA.xlsx,Relatório UBEM - Canal Brasil,Alvorada,Teresa Cristina,ALVORADA,,title_only
clean unified,Planilha UNA.xlsx,Relatório UBEM - Canal Brasil,Vencedor,Calcinha Preta,VENCEDOR,T-313.263.562-8,title_only
clean unified,Planilha UNA.xlsx,Relatório UBEM - Canal Brasil,Alvorada,Cartola,ALVORADA,T-040.011.846-8,title_only
clean unified,Planilha UNA.xlsx,Relatório UBEM - Canal Brasil,Alvorada,Cartola,ALVORADA,,title_only
clean unified,Planilha UNA.xlsx,Relatório UBEM - Canal Brasil,Pantanal,Personagem Juma,PANTANAL,T-318.464.891-3,title_only
clean unified,Planilha UNA.xlsx,Relatório UBEM - Canal Brasil,Perfume,Soweto,PERFUME,T-305.215.262-8,title_only
clean unified,Planilha UNA.xlsx,Relatório UBEM - Canal Brasil,Corda Bamba,"Ivete Sangalo,Iza",CORDA BAMBA,T-335.571.849-5,title_only
clean unified,Planilha UNA.xlsx,Relatório UBEM - Canal Brasil,Terremoto,"Anitta,Mc Kevinho",TERREMOTO,T-307.297.647-3,title_only
clean unified,Planilha UNA.xlsx,Relatório UBEM - Canal Brasil,Reforma,"Manim Vaqueiro,Thiago Freitas",REFORMA,T-040.275.778-1,title_only
clean unified,Planilha UNA.xlsx,Relatório UBEM - Canal Brasil,Beijinho No Ombro,Valesca Popozuda,BEIJINHO NO OMBRO,T-311.569.064-3,title_only
clean unified,Planilha UNA.xlsx,Relatório UBEM - Canal Brasil,Corda Bamba,"Ivete Sangalo,Iza",CORDA BAMBA,T-335.571.849-5,title_only
clean unified,Planilha UNA.xlsx,Relatório UBEM - Canal Brasil,Terremoto,"Anitta,Mc Kevinho",TERREMOTO,T-307.297.647-3,title_only
clean unified,Planilha UNA.xlsx,Relatório UBEM - Canal Brasil,Temporal,Thiaguinho,TEMPORAL,T-307.003.180-6,title_only
clean unified,Planilha UNA.xlsx,Relatório UBEM - Canal Brasil,Beijinho No Ombro,Valesca Popozuda,BEIJINHO NO OMBRO,T-311.569.064-3,title_only
clean unified,Planilha UNA.xlsx,Relatório UBEM - Canal Brasil,Downtown,"Anitta,J Balvin",DOWNTOWN,,title_only
clean unified,Planilha UNA.xlsx,Relatório UBEM - Canal Brasil,Socadona,"Ludmilla,Mariah Angeliq,Mr. Vegas,Topo La Maskara",SOCADONA,T-305.217.548-7,title_only
clean unified,Planilha UNA.xlsx,Relatório UBEM - Canal Brasil,Socadona,"Ludmilla,Mariah Angeliq,Mr. Vegas,Topo La Maskara",SOCADONA,,title_only
clean unified,Planilha UNA.xlsx,Relatório UBEM - Canal Brasil,Malvada,Zé Felipe,MALVADA,T-303.019.880-8,title_only
clean unified,Planilha UNA.xlsx,Relatório UBEM - Canal Brasil,Malvada,Zé Felipe,MALVADA,,title_only
clean unified,Planilha UNA.xlsx,Relatório UBEM - Canal Brasil,Downtown,"Anitta,J Balvin",DOWNTOWN,,title_only
clean unified,Planilha UNA.xlsx,Relatório UBEM - Canal Brasil,Inquilino,Naiara Azevedo Part. Zé Neto & Cristiano,INQUILINO,T-315.996.161-8,title_only
clean unified,Planilha UNA.xlsx,Relatório UBEM - Canal Brasil,Macetando,"Ivete Sangalo,Ludmilla",MACETANDO,T-318.000.000-0,title_only
clean unified,Planilha UNA.xlsx,Relatório UBEM - Canal Brasil,Brisa,Iza,BRISA,T-315.799.145-8,title_only
clean unified,Planilha UNA.xlsx,Relatório UBEM - Canal Brasil,Brisa,Iza,BRISA,T-316.180.981-6,title_only
clean unified,Planilha UNA.xlsx,Relatório UBEM - Canal Brasil,Brisa,Iza,BRISA,T-326.766.166-1,title_only
clean unified,Planilha UNA.xlsx,Relatório UBEM - Canal Brasil,Malvada,Zé Felipe,MALVADA,T-303.019.880-8,title_only
clean unified,Planilha UNA.xlsx,Relatório UBEM - Canal Brasil,Malvada,Zé Felipe,MALVADA,,title_only
clean unified,Planilha UNA.xlsx,Relatório UBEM - Canal Brasil,Inquilino,Naiara Azevedo Part. Zé Neto & Cristiano,INQUILINO,T-315.996.161-8,title_only
clean unified,Planilha UNA.xlsx,Relatório UBEM - Canal Brasil,Macetando,"Ivete Sangalo,Ludmilla",MACETANDO,T-318.000.000-0,title_only
clean unified,Planilha UNA.xlsx,Relatório UBEM - Canal Brasil,Amigo,Elenco Família Paraíso,AMIGO,,title_only
clean unified,Planilha UNA.xlsx,Relatório UBEM - Canal Brasil,Beijinho No Ombro,Valesca Popozuda,BEIJINHO NO OMBRO,T-311.569.064-3,title_only
clean unified,Planilha UNA.xlsx,Relatório UBEM - Canal Brasil,Corda Bamba,Iza,CORDA BAMBA,T-335.571.849-5,title_only
clean unified,Planilha UNA.xlsx,Relatório UBEM - Canal Brasil,Sugar,Robin Schulz,SUGAR,T-039.948.077-3,title_only
clean unified,Planilha UNA.xlsx,Relatório UBEM - Canal Brasil,Brisa,Iza,BRISA,T-315.799.145-8,title_only
clean unified,Planilha UNA.xlsx,Relatório UBEM - Canal Brasil,Brisa,Iza,BRISA,T-316.180.981-6,title_only
clean unified,Planilha UNA.xlsx,Relatório UBEM - Canal Brasil,Brisa,Iza,BRISA,T-326.766.166-1,title_only
clean unified,Planilha UNA.xlsx,Relatório UBEM - Canal Brasil,Beijinho No Ombro,"Marcus Majella,Valesca Popozuda",BEIJINHO NO OMBRO,T-311.569.064-3,title_only
clean unified,Planilha UNA.xlsx,Relatório UBEM - Canal Brasil,Malvada,Zé Felipe,MALVADA,T-303.019.880-8,title_only
clean unified,Planilha UNA.xlsx,Relatório UBEM - Canal Brasil,Malvada,Zé Felipe,MALVADA,,title_only
clean unified,Planilha UNA.xlsx,Relatório UBEM - Canal Brasil,Inquilino,Naiara Azevedo Part. Zé Neto & Cristiano,INQUILINO,T-315.996.161-8,title_only
clean unified,Planilha UNA.xlsx,Relatório UBEM - Canal Brasil,Beijinho No Ombro,Valesca Popozuda,BEIJINHO NO OMBRO,T-311.569.064-3,title_only
clean unified,Planilha UNA.xlsx,Relatório UBEM - Canal Brasil,Corda Bamba,Iza,CORDA BAMBA,T-335.571.849-5,title_only
clean unified,Planilha UNA.xlsx,Relatório UBEM - Canal Brasil,Brisa,Iza,BRISA,T-315.799.145-8,title_only
clean unified,Planilha UNA.xlsx,Relatório UBEM - Canal Brasil,Brisa,Iza,BRISA,T-316.180.981-6,title_only
clean unified,Planilha UNA.xlsx,Relatório UBEM - Canal Brasil,Brisa,Iza,BRISA,T-326.766.166-1,title_only
clean unified,Planilha UNA.xlsx,Relatório UBEM - Canal Brasil,Malvada,Zé Felipe,MALVADA,T-303.019.880-8,title_only
clean unified,Planilha UNA.xlsx,Relatório UBEM - Canal Brasil,Malvada,Zé Felipe,MALVADA,,title_only
clean unified,Planilha UNA.xlsx,Relatório UBEM - Canal Brasil,Inquilino,Naiara Azevedo Part. Zé Neto & Cristiano,INQUILINO,T-315.996.161-8,title_only
clean unified,Planilha UNA.xlsx,Relatório UBEM - Canal Brasil,Brisa,Iza,BRISA,T-315.799.145-8,title_only
clean unified,Planilha UNA.xlsx,Relatório UBEM - Canal Brasil,Brisa,Iza,BRISA,T-316.180.981-6,title_only
clean unified,Planilha UNA.xlsx,Relatório UBEM - Canal Brasil,Brisa,Iza,BRISA,T-326.766.166-1,title_only
clean unified,Planilha UNA.xlsx,Relatório UBEM - Canal Brasil,Amigo,Elenco Família Paraíso,AMIGO,,title_only
clean unified,Planilha UNA.xlsx,Relatório UBEM - Canal Brasil,Dança Do Maxixe,Companhia Do Pagode,DANÇA DO MAXIXE,,title_only
clean unified,Planilha UNA.xlsx,Relatório UBEM - Canal Brasil,Treme Treme,"As Gêmeas Lacração,Mc Loma",TREME TREME,,title_only
clean unified,Planilha UNA.xlsx,Relatório UBEM - Canal Brasil,Fuleragem,Mc Wm,FULERAGEM,T-305.214.250-0,title_only
clean unified,Planilha UNA.xlsx,Relatório UBEM - Canal Brasil,Sugar,Robin Schulz,SUGAR,T-039.948.077-3,title_only
clean unified,Planilha UNA.xlsx,Relatório UBEM - Canal Brasil,Beijinho No Ombro,"Marcus Majella,Valesca Popozuda",BEIJINHO NO OMBRO,T-311.569.064-3,title_only
clean unified,Planilha UNA.xlsx,Relatório UBEM - Canal Brasil,Beijinho No Ombro,Valesca Popozuda,BEIJINHO NO OMBRO,T-311.569.064-3,title_only
clean unified,Planilha UNA.xlsx,Relatório UBEM - Canal Brasil,Corda Bamba,Iza,CORDA BAMBA,T-335.571.849-5,title_only
clean unified,Planilha UNA.xlsx,Relatório UBEM - Canal Brasil,Sugar,Maroon 5,SUGAR,T-039.948.077-3,title_only
clean unified,Planilha UNA.xlsx,Relatório UBEM - Canal Brasil,Vermelho,Gloria Groove,VERMELHO,T-313.315.106-7,title_only
clean unified,Planilha UNA.xlsx,Relatório UBEM - Canal Brasil,Sentou E Gostou,"Dj Rd,Mc Jottapê,Mc M10",SENTOU E GOSTOU,T-303.761.734-4,title_only
clean unified,Planilha UNA.xlsx,Relatório UBEM - Canal Brasil,Fuleragem,Mc Wm,FULERAGEM,T-305.214.250-0,title_only
clean unified,Planilha UNA.xlsx,Relatório UBEM - Canal Brasil,Sugar,Maroon 5,SUGAR,T-039.948.077-3,title_only
clean unified,Planilha UNA.xlsx,Relatório UBEM - Canal Brasil,Sugar,Maroon 5,SUGAR,T-039.948.077-3,title_only
clean unified,Planilha UNA.xlsx,Relatório UBEM - Canal Brasil,Vermelho,Gloria Groove,VERMELHO,T-313.315.106-7,title_only
clean unified,Planilha UNA.xlsx,Relatório UBEM - Canal Brasil,Armadilha,Péricles,ARMADILHA,,title_only
clean unified,Planilha UNA.xlsx,Relatório UBEM - Canal Brasil,Sentou E Gostou,"Dj Rd,Mc Jottapê,Mc M10",SENTOU E GOSTOU,T-303.761.734-4,title_only
clean unified,Planilha UNA.xlsx,Relatório UBEM - Canal Brasil,Fuleragem,Mc Wm,FULERAGEM,T-305.214.250-0,title_only
clean unified,Planilha UNA.xlsx,Relatório UBEM - Canal Brasil,Sugar,Maroon 5,SUGAR,T-039.948.077-3,title_only
clean unified,Planilha UNA.xlsx,Relatório UBEM - Canal Brasil,Tudo,Liniker,TUDO,T-301.718.723-0,title_only
clean unified,Planilha UNA.xlsx,Relatório UBEM - Canal Brasil,Armadilha,Péricles,ARMADILHA,,title_only
clean unified,Planilha UNA.xlsx,Relatório UBEM - Canal Brasil,Dança Do Maxixe,Companhia Do Pagode,DANÇA DO MAXIXE,,title_only
clean unified,Planilha UNA.xlsx,Relatório UBEM - Canal Brasil,Treme Treme,"As Gêmeas Lacração,Mc Loma",TREME TREME,,title_only
clean unified,Planilha UNA.xlsx,Relatório UBEM - Canal Brasil,Fuleragem,Mc Wm,FULERAGEM,T-305.214.250-0,title_only
clean unified,Planilha UNA.xlsx,Relatório UBEM - Canal Brasil,Sentou E Gostou,"Dj Rd,Mc Jottapê,Mc M10",SENTOU E GOSTOU,T-303.761.734-4,title_only
clean unified,Planilha UNA.xlsx,Relatório UBEM - Canal Brasil,Fuleragem,Mc Wm,FULERAGEM,T-305.214.250-0,title_only
clean unified,Planilha UNA.xlsx,Relatório UBEM - Canal Brasil,Sugar,Maroon 5,SUGAR,T-039.948.077-3,title_only
clean unified,Planilha UNA.xlsx,Relatório UBEM - Canal Brasil,Armadilha,Péricles,ARMADILHA,,title_only
clean unified,Planilha UNA.xlsx,Relatório UBEM - Canal Brasil,Dança Do Maxixe,Companhia Do Pagode,DANÇA DO MAXIXE,,title_only
clean unified,Planilha UNA.xlsx,Relatório UBEM - Canal Brasil,Treme Treme,"As Gêmeas Lacração,Mc Loma",TREME TREME,,title_only
clean unified,Planilha UNA.xlsx,Relatório UBEM - Canal Brasil,Fuleragem,Mc Wm,FULERAGEM,T-305.214.250-0,title_only
clean unified,Planilha UNA.xlsx,Relatório UBEM - Canal Brasil,Sentou E Gostou,"Dj Rd,Mc Jottapê,Mc M10",SENTOU E GOSTOU,T-303.761.734-4,title_only
clean unified,Planilha UNA.xlsx,Relatório UBEM - Canal Brasil,Fuleragem,Mc Wm,FULERAGEM,T-305.214.250-0,title_only
clean unified,Planilha UNA.xlsx,Relatório UBEM - Canal Brasil,Tudo,Liniker,TUDO,T-301.718.723-0,title_only
clean unified,Planilha UNA.xlsx,Relatório UBEM - Canal Brasil,Armadilha,Péricles,ARMADILHA,,title_only
clean unified,Planilha UNA.xlsx,Relatório UBEM - Canal Brasil,Carcará,Personagem Juma,CARCARA,T-040.347.911-7,title_only
clean unified,Planilha UNA.xlsx,Relatório UBEM - Canal Brasil,Carcará,Personagem Juma,CARCARÁ,T-308.468.519-4,title_only
clean unified,Planilha UNA.xlsx,Relatório UBEM - Canal Brasil,Máscara,Pitty,MÁSCARA,,title_only
clean unified,Planilha UNA.xlsx,Relatório UBEM - Canal Brasil,Dança Do Maxixe,Companhia Do Pagode,DANÇA DO MAXIXE,,title_only
clean unified,Planilha UNA.xlsx,Relatório UBEM - Canal Brasil,Treme Treme,"As Gêmeas Lacração,Mc Loma",TREME TREME,,title_only
clean unified,Planilha UNA.xlsx,Relatório UBEM - Canal Brasil,Fuleragem,Mc Wm,FULERAGEM,T-305.214.250-0,title_only
clean unified,Planilha UNA.xlsx,Relatório UBEM - Canal Brasil,Carcará,Personagem Juma,CARCARA,T-040.347.911-7,title_only
clean unified,Planilha UNA.xlsx,Relatório UBEM - Canal Brasil,Carcará,Personagem Juma,CARCARÁ,T-308.468.519-4,title_only
clean unified,Planilha UNA.xlsx,Relatório UBEM - Canal Brasil,Máscara,Pitty,MÁSCARA,,title_only
clean unified,Planilha UNA.xlsx,Relatório UBEM - Canal Brasil,Terremoto,"Anitta,Mc Kevinho",TERREMOTO,T-307.297.647-3,title_only
clean unified,Planilha UNA.xlsx,Relatório UBEM - Canal Brasil,Terremoto,"Anitta,Mc Kevinho",TERREMOTO,T-307.297.647-3,title_only
clean unified,Planilha UNA.xlsx,Relatório UBEM - Canal Brasil,Amanhã,"Reginaldo Rossi,Roberta Miranda",AMANHÃ,T-307.004.953-1,title_only
clean unified,Planilha UNA.xlsx,Relatório UBEM - Canal Brasil,Carcará,Personagem Juma,CARCARA,T-040.347.911-7,title_only
clean unified,Planilha UNA.xlsx,Relatório UBEM - Canal Brasil,Carcará,Personagem Juma,CARCARÁ,T-308.468.519-4,title_only
clean unified,Planilha UNA.xlsx,Relatório UBEM - Canal Brasil,Máscara,Pitty,MÁSCARA,,title_only
clean unified,Planilha UNA.xlsx,Relatório UBEM - Canal Brasil,Malandramente,"Dennis Dj,Nandinho,Nego Bam",MALANDRAMENTE,T-308.115.009-2,title_only
clean unified,Planilha UNA.xlsx,Relatório UBEM - Canal Brasil,Terremoto,"Anitta,Mc Kevinho",TERREMOTO,T-307.297.647-3,title_only
clean unified,Planilha UNA.xlsx,Relatório UBEM - Canal Brasil,Amanhã,"Reginaldo Rossi,Roberta Miranda",AMANHÃ,T-307.004.953-1,title_only
clean unified,Planilha UNA.xlsx,Relatório UBEM - Canal Brasil,Carcará,Personagem Juma,CARCARA,T-040.347.911-7,title_only
clean unified,Planilha UNA.xlsx,Relatório UBEM - Canal Brasil,Carcará,Personagem Juma,CARCARÁ,T-308.468.519-4,title_only
clean unified,Planilha UNA.xlsx,Relatório UBEM - Canal Brasil,Máscara,Pitty,MÁSCARA,,title_only
clean unified,Planilha UNA.xlsx,Relatório UBEM - Canal Brasil,Combate,"Aldair Playboy,Mc Wm",COMBATE,T-306.803.836-4,title_only
clean unified,Planilha UNA.xlsx,Relatório UBEM - Canal Brasil,Terremoto,"Anitta,Mc Kevinho",TERREMOTO,T-307.297.647-3,title_only
clean unified,Planilha UNA.xlsx,Relatório UBEM - Canal Brasil,Carcará,Personagem Juma,CARCARA,T-040.347.911-7,title_only
clean unified,Planilha UNA.xlsx,Relatório UBEM - Canal Brasil,Carcará,Personagem Juma,CARCARÁ,T-308.468.519-4,title_only
clean unified,Planilha UNA.xlsx,Relatório UBEM - Canal Brasil,Máscara,Pitty,MÁSCARA,,title_only
clean unified,Planilha UNA.xlsx,Relatório UBEM - Canal Brasil,Combate,"Aldair Playboy,Mc Wm",COMBATE,T-306.803.836-4,title_only
clean unified,Planilha UNA.xlsx,Relatório UBEM - Canal Brasil,Malandramente,"Dennis Dj,Nandinho,Nego Bam",MALANDRAMENTE,T-308.115.009-2,title_only
clean unified,Planilha UNA.xlsx,Relatório UBEM - Canal Brasil,Terremoto,"Anitta,Mc Kevinho",TERREMOTO,T-307.297.647-3,title_only
clean unified,Planilha UNA.xlsx,Relatório UBEM - Canal Brasil,Até O Fim,"Banda Mahi,Markinho Duran",ATE O FIM,T-042.023.019-8,title_only
clean unified,Planilha UNA.xlsx,Relatório UBEM - Canal Brasil,Eu Vou,"Fábio Brazza,Txéllo",EU VOU,T-040.469.531-3,title_only
clean unified,Planilha UNA.xlsx,Relatório UBEM - Canal Brasil,Terrorista,Sirena,TERRORISTA,T-932.265.309-8,title_only
clean unified,Planilha UNA.xlsx,Relatório UBEM - Canal Brasil,Terremoto,"Anitta,Mc Kevinho",TERREMOTO,T-307.297.647-3,title_only
clean unified,Planilha UNA.xlsx,Relatório UBEM - Canal Brasil,Malandramente,"Dennis Dj,Nandinho,Nego Bam",MALANDRAMENTE,T-308.115.009-2,title_only
clean unified,Planilha UNA.xlsx,Relatório UBEM - Canal Brasil,Terremoto,"Anitta,Mc Kevinho",TERREMOTO,T-307.297.647-3,title_only
clean unified,Planilha UNA.xlsx,Relatório UBEM - Canal Brasil,Terremoto,"Anitta,Mc Kevinho",TERREMOTO,T-307.297.647-3,title_only
clean unified,Planilha UNA.xlsx,Relatório UBEM - Canal Brasil,Combate,"Aldair Playboy,Mc Wm",COMBATE,T-306.803.836-4,title_only
clean unified,Planilha UNA.xlsx,Relatório UBEM - Canal Brasil,Terremoto,"Anitta,Mc Kevinho",TERREMOTO,T-307.297.647-3,title_only
clean unified,Planilha UNA.xlsx,Relatório UBEM - Canal Brasil,Verdade,Karinah,VERDADE,T-302.003.913-4,title_only
clean unified,Planilha UNA.xlsx,Relatório UBEM - Canal Brasil,De Novo,Vitor Kley,DE NOVO,T-319.876.158-5,title_only
clean unified,Planilha UNA.xlsx,Relatório UBEM - Canal Brasil,Era Uma Vez,Sandy & Junior,ERA UMA VEZ,,title_only
clean unified,Planilha UNA.xlsx,Relatório UBEM - Canal Brasil,Maliciosa,Ludmilla,MALICIOSA,T-308.115.017-2,title_only
clean unified,Planilha UNA.xlsx,Relatório UBEM - Canal Brasil,Beijinho No Ombro,Valesca Popozuda,BEIJINHO NO OMBRO,T-311.569.064-3,title_only
clean unified,Planilha UNA.xlsx,Relatório UBEM - Canal Brasil,Sentou E Gostou,"Dj Rd,Mc Jottapê,Mc M10",SENTOU E GOSTOU,T-303.761.734-4,title_only
clean unified,Planilha UNA.xlsx,Relatório UBEM - Canal Brasil,Fuleragem,Mc Wm,FULERAGEM,T-305.214.250-0,title_only
clean unified,Planilha UNA.xlsx,Relatório UBEM - Canal Brasil,Eu Vou Sentar,"Melody,Nattan",EU VOU SENTAR,T-305.267.256-3,title_only
clean unified,Planilha UNA.xlsx,Relatório UBEM - Canal Brasil,Verdade,Karinah,VERDADE,T-302.003.913-4,title_only
clean unified,Planilha UNA.xlsx,Relatório UBEM - Canal Brasil,De Novo,Vitor Kley,DE NOVO,T-319.876.158-5,title_only
clean unified,Planilha UNA.xlsx,Relatório UBEM - Canal Brasil,Eu Vou Sentar,"Melody,Nattan",EU VOU SENTAR,T-305.267.256-3,title_only
clean unified,Planilha UNA.xlsx,Relatório UBEM - Canal Brasil,São Paulo,"Anitta,Weeknd, The",SÃO PAULO,,title_only
clean unified,Planilha UNA.xlsx,Relatório UBEM - Canal Brasil,Fuleragem,Mc Wm,FULERAGEM,T-305.214.250-0,title_only
clean unified,Planilha UNA.xlsx,Relatório UBEM - Canal Brasil,Malandramente,"Dennis Dj,Nandinho,Nego Bam",MALANDRAMENTE,T-308.115.009-2,title_only
clean unified,Planilha UNA.xlsx,Relatório UBEM - Canal Brasil,São Paulo,"Anitta,Weeknd, The",SÃO PAULO,,title_only
clean unified,Planilha UNA.xlsx,Relatório UBEM - Canal Brasil,Final Feliz,Plateia: Márcia Rosa,FINAL FELIZ,T-315.996.147-0,title_only
clean unified,Planilha UNA.xlsx,Relatório UBEM - Canal Brasil,Brisa,"Andy Gercker,Evelyn Castro,Roberta Rodrigues,Rodrigo Sant'anna",BRISA,T-315.799.145-8,title_only
clean unified,Planilha UNA.xlsx,Relatório UBEM - Canal Brasil,Brisa,"Andy Gercker,Evelyn Castro,Roberta Rodrigues,Rodrigo Sant'anna",BRISA,T-316.180.981-6,title_only
clean unified,Planilha UNA.xlsx,Relatório UBEM - Canal Brasil,Brisa,"Andy Gercker,Evelyn Castro,Roberta Rodrigues,Rodrigo Sant'anna",BRISA,T-326.766.166-1,title_only
clean unified,Planilha UNA.xlsx,Relatório UBEM - Canal Brasil,Treme Treme,"As Gêmeas Lacração,Mc Loma",TREME TREME,,title_only
clean unified,Planilha UNA.xlsx,Relatório UBEM - Canal Brasil,Me Gusta,"Anitta,Cardi B,Myke Towers",ME GUSTA,,title_only
clean unified,Planilha UNA.xlsx,Relatório UBEM - Canal Brasil,Fuleragem,Mc Wm,FULERAGEM,T-305.214.250-0,title_only
clean unified,Planilha UNA.xlsx,Relatório UBEM - Canal Brasil,Pedra,Technobrass,PEDRA,,title_only
clean unified,Planilha UNA.xlsx,Relatório UBEM - Canal Brasil,Dna,"Kills, The",DNA,,title_only
clean unified,Planilha UNA.xlsx,Relatório UBEM - Canal Brasil,Pedra,Technobrass,PEDRA,,title_only
clean unified,Planilha UNA.xlsx,Relatório UBEM - Canal Brasil,Dna,"Kills, The",DNA,,title_only
clean unified,Planilha UNA.xlsx,Relatório UBEM - Canal Brasil,Pedra,Technobrass,PEDRA,,title_only
clean unified,Planilha UNA.xlsx,Relatório UBEM - Canal Brasil,Dna,"Kills, The",DNA,,title_only
clean unified,Planilha UNA.xlsx,Relatório UBEM - Canal Brasil,Baile De Favela,Mc João,BAILE DE FAVELA,T-303.383.693-6,title_only
clean unified,Planilha UNA.xlsx,Relatório UBEM - Canal Brasil,Baile De Favela,Mc João,BAILE DE FAVELA,T-303.383.693-6,title_only
clean unified,Planilha UNA.xlsx,Relatório UBEM - Canal Brasil,Baile De Favela,Mc João,BAILE DE FAVELA,T-303.383.693-6,title_only
clean unified,Planilha UNA.xlsx,Relatório UBEM - Canal Brasil,Baile De Favela,Mc João,BAILE DE FAVELA,T-303.383.693-6,title_only
clean unified,Planilha UNA.xlsx,Relatório UBEM - Canal Brasil,Baile De Favela,Mc João,BAILE DE FAVELA,T-303.383.693-6,title_only
clean unified,Planilha UNA.xlsx,Relatório UBEM - Canal Brasil,Baile De Favela,Mc João,BAILE DE FAVELA,T-303.383.693-6,title_only
clean unified,Planilha UNA.xlsx,Relatório UBEM - Canal Brasil,De Novo,Vitor Kley,DE NOVO,T-319.876.158-5,title_only
clean unified,Planilha UNA.xlsx,Relatório UBEM - Canal Brasil,Socadona,Participantes,SOCADONA,T-305.217.548-7,title_only
clean unified,Planilha UNA.xlsx,Relatório UBEM - Canal Brasil,Socadona,Participantes,SOCADONA,,title_only
clean unified,Planilha UNA.xlsx,Relatório UBEM - Canal Brasil,Praia,Murilo Huff,PRAIA,,title_only
clean unified,Planilha UNA.xlsx,Relatório UBEM - Canal Brasil,Maravilhosa,Banda,MARAVILHOSA,T-306.797.414-1,title_only
clean unified,Planilha UNA.xlsx,Relatório UBEM - Canal Brasil,Sexto Sentido,Joao Lucas,SEXTO SENTIDO,T-039.311.527-9,title_only
clean unified,Planilha UNA.xlsx,Relatório UBEM - Canal Brasil,Balanco,Nacao Zumbi,BALANCO,T-039.828.191-8,title_only
clean unified,Planilha UNA.xlsx,Relatório UBEM - Canal Brasil,Maria,Ricky Martin,MARIA,T-307.006.304-2,title_only
clean unified,Planilha UNA.xlsx,Relatório UBEM - Canal Brasil,Maria,Ricky Martin,MARIA,T-311.953.638-4,title_only
clean unified,Planilha UNA.xlsx,Relatório UBEM - Canal Brasil,Ei Moto Taxi,"Dj Dn O Astro,Dj Mts,Mc Monik Do Pix",EI MOTO TAXI,T-330.716.394-2,title_only
clean unified,Planilha UNA.xlsx,Relatório UBEM - Canal Brasil,A Danca,Mc Hariel,A DANÇA,T-309.492.339-0,title_only
clean unified,Planilha UNA.xlsx,Relatório UBEM - Canal Brasil,Me Chama,Lobao,ME CHAMA,T-311.953.645-3,title_only
clean unified,Planilha UNA.xlsx,Relatório UBEM - Canal Brasil,Pocoto,Mc Serginho,POCOTÓ,T-306.794.969-9,title_only
clean unified,Planilha UNA.xlsx,Relatório UBEM - Canal Brasil,Beijinho No Ombro,Participante,BEIJINHO NO OMBRO,T-311.569.064-3,title_only
clean unified,Planilha UNA.xlsx,Relatório UBEM - Canal Brasil,Era Uma Vez,Sandy E Junior,ERA UMA VEZ,,title_only
clean unified,Planilha UNA.xlsx,Relatório UBEM - Canal Brasil,Amanha,Roberta Miranda,AMANHÃ,T-307.004.953-1,title_only
clean unified,Planilha UNA.xlsx,Relatório UBEM - Canal Brasil,Tubaroes,Diego & Victor Hugo,TUBAROES,,title_only
clean unified,Planilha UNA.xlsx,Relatório UBEM - Canal Brasil,Poc Poc,Pedro Sampaio,POC POC,,title_only
clean unified,Planilha UNA.xlsx,Relatório UBEM - Canal Brasil,Vida,Bruna Viola,VIDA,,title_only
clean unified,Planilha UNA.xlsx,Relatório UBEM - Canal Brasil,Mascara,Pitty,MÁSCARA,,title_only
clean unified,Planilha UNA.xlsx,Relatório UBEM - Canal Brasil,Tubaroes,Diego & Victor Hugo,TUBAROES,,title_only
clean unified,Planilha UNA.xlsx,Relatório UBEM - Canal Brasil,Ei Moto Taxi,"Dj Fabricio Satisfaction,Dj Luan Indiscutível,Mc Monik Do Pix",EI MOTO TAXI,T-330.716.394-2,title_only
clean unified,Planilha UNA.xlsx,Relatório UBEM - Canal Brasil,Carcara,Personagem Juma,CARCARA,T-040.347.911-7,title_only
clean unified,Planilha UNA.xlsx,Relatório UBEM - Canal Brasil,Carcara,Personagem Juma,CARCARÁ,T-308.468.519-4,title_only
clean unified,Planilha UNA.xlsx,Relatório UBEM - Canal Brasil,Criminal,Britney Spears,CRIMINAL,T-932.737.486-7,title_only
clean unified,Planilha UNA.xlsx,Relatório UBEM - Canal Brasil,Baile De Favela,Cacau Protasio,BAILE DE FAVELA,T-303.383.693-6,title_only
clean unified,Planilha UNA.xlsx,Relatório UBEM - Canal Brasil,Baile De Favela,Mc Joao,BAILE DE FAVELA,T-303.383.693-6,title_only
clean unified,Planilha UNA.xlsx,Relatório UBEM - Canal Brasil,Perfume,Belo,PERFUME,T-305.215.262-8,title_only
clean unified,Planilha UNA.xlsx,Relatório UBEM - Canal Brasil,Criminal,Britney Spears,CRIMINAL,T-932.737.486-7,title_only
clean unified,Planilha UNA.xlsx,Relatório UBEM - Canal Brasil,Espelho,Chico Chico,ESPELHO,T-931.652.333-8,title_only
clean unified,Planilha UNA.xlsx,Relatório UBEM - Canal Brasil,Espelho,Chico Chico,ESPELHO,T-335.571.845-1,title_only
clean unified,Planilha UNA.xlsx,Relatório UBEM - Canal Brasil,Opiniao,Samantha Schmutz,OPINIÃO,,title_only
clean unified,Planilha UNA.xlsx,Relatório UBEM - Canal Brasil,Perfume,Participantes Bbb 25,PERFUME,T-305.215.262-8,title_only
clean unified,Planilha UNA.xlsx,Relatório UBEM - Canal Brasil,Sou Eu,Ludmilla,SOU EU,T-042.615.532-9,title_only
clean unified,Planilha UNA.xlsx,Relatório UBEM - Canal Brasil,Maria,Blondie,MARIA,T-307.006.304-2,title_only
clean unified,Planilha UNA.xlsx,Relatório UBEM - Canal Brasil,Maria,Blondie,MARIA,T-311.953.638-4,title_only
clean unified,Planilha UNA.xlsx,Relatório UBEM - Canal Brasil,Poc Poc,Pedro Sampaio,POC POC,,title_only
clean unified,Planilha UNA.xlsx,Relatório UBEM - Canal Brasil,Verdade,Karinah,VERDADE,T-302.003.913-4,title_only
clean unified,Planilha UNA.xlsx,Relatório UBEM - Canal Brasil,Copacabana,Salome Da Bahia,COPACABANA,,title_only
clean unified,Planilha UNA.xlsx,Relatório UBEM - Canal Brasil,Copacabana,Salome Da Bahia,COPACABANA,,title_only
clean unified,Planilha UNA.xlsx,Relatório UBEM - Canal Brasil,Banho De Espuma,Elenco,BANHO DE ESPUMA,T-311.604.310-4,title_only
clean unified,Planilha UNA.xlsx,Relatório UBEM - Canal Brasil,Copacabana,Salome Da Bahia,COPACABANA,,title_only
clean unified,Planilha UNA.xlsx,Relatório UBEM - Canal Brasil,Copacabana,Salome Da Bahia,COPACABANA,,title_only
clean unified,Planilha UNA.xlsx,Relatório UBEM - Canal Brasil,Copacabana,Salome Da Bahia,COPACABANA,,title_only
clean unified,Planilha UNA.xlsx,Relatório UBEM - Canal Brasil,Copacabana,Salome Da Bahia,COPACABANA,,title_only
clean unified,Planilha UNA.xlsx,Relatório UBEM - Canal Brasil,Copacabana,Salome Da Bahia,COPACABANA,,title_only
clean unified,Planilha UNA.xlsx,Relatório UBEM - Canal Brasil,Copacabana,Salome Da Bahia,COPACABANA,,title_only
clean unified,Planilha UNA.xlsx,Relatório UBEM - Canal Brasil,America,Elenco,AMERICA,T-039.497.748-0,title_only
clean unified,Planilha UNA.xlsx,Relatório UBEM - Canal Brasil,Aurora,Elenco,AURORA,,title_only
clean unified,Planilha UNA.xlsx,Relatório UBEM - Canal Brasil,Copacabana,Salome Da Bahia,COPACABANA,,title_only
clean unified,Planilha UNA.xlsx,Relatório UBEM - Canal Brasil,Copacabana,Salome Da Bahia,COPACABANA,,title_only
clean unified,Planilha UNA.xlsx,Relatório UBEM - Canal Brasil,America,Elenco,AMERICA,T-039.497.748-0,title_only
clean unified,Planilha UNA.xlsx,Relatório UBEM - Canal Brasil,Copacabana,Salome Da Bahia,COPACABANA,,title_only
clean unified,Planilha UNA.xlsx,Relatório UBEM - Canal Brasil,Copacabana,Salome Da Bahia,COPACABANA,,title_only
clean unified,Planilha UNA.xlsx,Relatório UBEM - Canal Brasil,Copacabana,Salome Da Bahia,COPACABANA,,title_only
clean unified,Planilha UNA.xlsx,Relatório UBEM - Canal Brasil,Copacabana,Salome Da Bahia,COPACABANA,,title_only
clean unified,Planilha UNA.xlsx,Relatório UBEM - Canal Brasil,Copacabana,Salome Da Bahia,COPACABANA,,title_only
clean unified,Planilha UNA.xlsx,Relatório UBEM - Canal Brasil,Copacabana,Salome Da Bahia,COPACABANA,,title_only
clean unified,Planilha UNA.xlsx,Relatório UBEM - Canal Brasil,Copacabana,Salome Da Bahia,COPACABANA,,title_only
clean unified,Planilha UNA.xlsx,Relatório UBEM - Canal Brasil,Copacabana,Salome Da Bahia,COPACABANA,,title_only
clean unified,Planilha UNA.xlsx,Relatório UBEM - Canal Brasil,Copacabana,Salome Da Bahia,COPACABANA,,title_only
clean unified,Planilha UNA.xlsx,Relatório UBEM - Canal Brasil,Copacabana,Salome Da Bahia,COPACABANA,,title_only
clean unified,Planilha UNA.xlsx,Relatório UBEM - Canal Brasil,America,Elenco,AMERICA,T-039.497.748-0,title_only
clean unified,Planilha UNA.xlsx,Relatório UBEM - Canal Brasil,Copacabana,Salome Da Bahia,COPACABANA,,title_only
clean unified,Planilha UNA.xlsx,Relatório UBEM - Canal Brasil,Copacabana,Salome Da Bahia,COPACABANA,,title_only
clean unified,Planilha UNA.xlsx,Relatório UBEM - Canal Brasil,Copacabana,Salome Da Bahia,COPACABANA,,title_only
clean unified,Planilha UNA.xlsx,Relatório UBEM - Canal Brasil,Copacabana,Salome Da Bahia,COPACABANA,,title_only
clean unified,Planilha UNA.xlsx,Relatório UBEM - Canal Brasil,Colecao,Cassiano,COLEÇÃO,T-039.611.379-3,title_only
clean unified,Planilha UNA.xlsx,Relatório UBEM - Canal Brasil,Copacabana,Salome Da Bahia,COPACABANA,,title_only
clean unified,Planilha UNA.xlsx,Relatório UBEM - Canal Brasil,Copacabana,Salome Da Bahia,COPACABANA,,title_only
clean unified,Planilha UNA.xlsx,Relatório UBEM - Canal Brasil,Copacabana,Salome Da Bahia,COPACABANA,,title_only
clean unified,Planilha UNA.xlsx,Relatório UBEM - Canal Brasil,Copacabana,Salome Da Bahia,COPACABANA,,title_only
clean unified,Planilha UNA.xlsx,Relatório UBEM - Canal Brasil,Copacabana,Salome Da Bahia,COPACABANA,,title_only
clean unified,Planilha UNA.xlsx,Relatório UBEM - Canal Brasil,Copacabana,Salome Da Bahia,COPACABANA,,title_only
clean unified,Planilha UNA.xlsx,Relatório UBEM - Canal Brasil,Copacabana,Salome Da Bahia,COPACABANA,,title_only
clean unified,Planilha UNA.xlsx,Relatório UBEM - Canal Brasil,Copacabana,Salome Da Bahia,COPACABANA,,title_only
clean unified,Planilha UNA.xlsx,Relatório UBEM - Canal Brasil,Copacabana,Salome Da Bahia,COPACABANA,,title_only
clean unified,Planilha UNA.xlsx,Relatório UBEM - Canal Brasil,Copacabana,Salome Da Bahia,COPACABANA,,title_only
clean unified,Planilha UNA.xlsx,Relatório UBEM - Canal Brasil,Copacabana,Salome Da Bahia,COPACABANA,,title_only
clean unified,Planilha UNA.xlsx,Relatório UBEM - Canal Brasil,Copacabana,Salome Da Bahia,COPACABANA,,title_only
clean unified,Planilha UNA.xlsx,Relatório UBEM - Canal Brasil,Copacabana,Salome Da Bahia,COPACABANA,,title_only
clean unified,Planilha UNA.xlsx,Relatório UBEM - Canal Brasil,Copacabana,Salome Da Bahia,COPACABANA,,title_only
clean unified,Planilha UNA.xlsx,Relatório UBEM - Canal Brasil,Copacabana,Salome Da Bahia,COPACABANA,,title_only
clean unified,Planilha UNA.xlsx,Relatório UBEM - Canal Brasil,Copacabana,Salome Da Bahia,COPACABANA,,title_only
clean unified,Planilha UNA.xlsx,Relatório UBEM - Canal Brasil,Copacabana,Salome Da Bahia,COPACABANA,,title_only
clean unified,Planilha UNA.xlsx,Relatório UBEM - Canal Brasil,Sebastiana,Anonimo,SEBASTIANA,,title_only
clean unified,Planilha UNA.xlsx,Relatório UBEM - Canal Brasil,Copacabana,Salome Da Bahia,COPACABANA,,title_only
clean unified,Planilha UNA.xlsx,Relatório UBEM - Canal Brasil,Sebastiana,Anonimo,SEBASTIANA,,title_only
clean unified,Planilha UNA.xlsx,Relatório UBEM - Canal Brasil,Copacabana,Salome Da Bahia,COPACABANA,,title_only
clean unified,Planilha UNA.xlsx,Relatório UBEM - Canal Brasil,Tudo Com Voce,"Leo,Victor",TUDO COM VOCE,T-039.134.796-8,title_only
clean unified,Planilha UNA.xlsx,Relatório UBEM - Canal Brasil,Copacabana,Salome Da Bahia,COPACABANA,,title_only
clean unified,Planilha UNA.xlsx,Relatório UBEM - Canal Brasil,Copacabana,Salome Da Bahia,COPACABANA,,title_only
clean unified,Planilha UNA.xlsx,Relatório UBEM - Canal Brasil,Pocoto,Mc Serginho,POCOTÓ,T-306.794.969-9,title_only
clean unified,Planilha UNA.xlsx,Relatório UBEM - Canal Brasil,Leve,"Sandy,Wanessa",LEVE,T-315.958.048-6,title_only
clean unified,Planilha UNA.xlsx,Relatório UBEM - Canal Brasil,Leve,"Sandy,Wanessa",LEVE,,title_only
clean unified,Planilha UNA.xlsx,Relatório UBEM - Canal Brasil,Leve,"Sandy,Wanessa",LEVE,T-335.482.970-8,title_only
clean unified,Planilha UNA.xlsx,Relatório UBEM - Canal Brasil,Domingo,Dilsinho,DOMINGO,T-307.003.485-0,title_only
clean unified,Planilha UNA.xlsx,Relatório UBEM - Canal Brasil,Domingo,Dilsinho,DOMINGO,T-301.991.455-3,title_only
clean unified,Planilha UNA.xlsx,Relatório UBEM - Canal Brasil,Macetando,Ivete Sangalo,MACETANDO,T-318.000.000-0,title_only
clean unified,Planilha UNA.xlsx,Relatório UBEM - Canal Brasil,Felicidade,Seu Jorge,FELICIDADE,,title_only
clean unified,Planilha UNA.xlsx,Relatório UBEM - Canal Brasil,Teto De Vidro,Day,TETO DE VIDRO,T-321.537.364-7,title_only
clean unified,Planilha UNA.xlsx,Relatório UBEM - Canal Brasil,Deja Vu,Day,DÉJÀ VU,T-308.187.765-4,title_only
clean unified,Planilha UNA.xlsx,Relatório UBEM - Canal Brasil,Máscara,Day,MÁSCARA,,title_only
clean unified,Planilha UNA.xlsx,Relatório UBEM - Canal Brasil,Verdade,Karinah,VERDADE,T-302.003.913-4,title_only
clean unified,Planilha UNA.xlsx,Relatório UBEM - Canal Brasil,Sonho,Não Identificado,SONHO,T-039.218.960-4,title_only
clean unified,Planilha UNA.xlsx,Relatório UBEM - Canal Brasil,Sonho,Não Identificado,SONHO,,title_only
clean unified,Planilha UNA.xlsx,Relatório UBEM - Canal Brasil,Macetando,"Ivete Sangalo,Ludmilla",MACETANDO,T-318.000.000-0,title_only
clean unified,Planilha UNA.xlsx,Relatório UBEM - Canal Brasil,2020,Sbtrkt,2020,T-301.721.117-1,title_only
clean unified,Planilha UNA.xlsx,Relatório UBEM - Canal Brasil,2020,Sbtrkt,2020,,title_only
clean unified,Planilha UNA.xlsx,Relatório UBEM - Canal Brasil,Dança Do Pombo,Mc Faisca,DANÇA DO POMBO,T-315.906.851-2,title_only
clean unified,Planilha UNA.xlsx,Relatório UBEM - Canal Brasil,Sebastiana,Luiz Gonzaga,SEBASTIANA,,title_only
clean unified,Planilha UNA.xlsx,Relatório UBEM - Canal Brasil,Coragem,Diogo Nogueira,CORAGEM,T-040.522.266-3,title_only
clean unified,Planilha UNA.xlsx,Relatório UBEM - Canal Brasil,Coragem,Diogo Nogueira,CORAGEM,,title_only
clean unified,Planilha UNA.xlsx,Relatório UBEM - Canal Brasil,Rio Babilônia,Jorge Ben Jor,RIO BABILÔNIA,T-311.596.075-9,title_only
clean unified,Planilha UNA.xlsx,Relatório UBEM - Canal Brasil,Bem Te Vi,Tetê Espíndola,BEM TE VI,T-315.798.949-2,title_only
clean unified,Planilha UNA.xlsx,Relatório UBEM - Canal Brasil,Coragem,Diogo Nogueira,CORAGEM,T-040.522.266-3,title_only
clean unified,Planilha UNA.xlsx,Relatório UBEM - Canal Brasil,Coragem,Diogo Nogueira,CORAGEM,,title_only
clean unified,Planilha UNA.xlsx,Relatório UBEM - Canal Brasil,Revoada,Quinteto Armorial,REVOADA,T-306.358.236-1,title_only
clean unified,Planilha UNA.xlsx,Relatório UBEM - Canal Brasil,Bem Te Vi,Tetê Espíndola,BEM TE VI,T-315.798.949-2,title_only
clean unified,Planilha UNA.xlsx,Relatório UBEM - Canal Brasil,Sebastiana,Luiz Gonzaga,SEBASTIANA,,title_only
clean unified,Planilha UNA.xlsx,Relatório UBEM - Canal Brasil,Revoada,Quinteto Armorial,REVOADA,T-306.358.236-1,title_only
clean unified,Planilha UNA.xlsx,Relatório UBEM - Canal Brasil,Coragem,Diogo Nogueira,CORAGEM,T-040.522.266-3,title_only
clean unified,Planilha UNA.xlsx,Relatório UBEM - Canal Brasil,Coragem,Diogo Nogueira,CORAGEM,,title_only
clean unified,Planilha UNA.xlsx,Relatório UBEM - Canal Brasil,Tudo,Liniker,TUDO,T-301.718.723-0,title_only
clean unified,Planilha UNA.xlsx,Relatório UBEM - Canal Brasil,Coragem,Diogo Nogueira,CORAGEM,T-040.522.266-3,title_only
clean unified,Planilha UNA.xlsx,Relatório UBEM - Canal Brasil,Coragem,Diogo Nogueira,CORAGEM,,title_only
clean unified,Planilha UNA.xlsx,Relatório UBEM - Canal Brasil,Revoada,Quinteto Armorial,REVOADA,T-306.358.236-1,title_only
clean unified,Planilha UNA.xlsx,Relatório UBEM - Canal Brasil,Coragem,Diogo Nogueira,CORAGEM,T-040.522.266-3,title_only
clean unified,Planilha UNA.xlsx,Relatório UBEM - Canal Brasil,Coragem,Diogo Nogueira,CORAGEM,,title_only
clean unified,Planilha UNA.xlsx,Relatório UBEM - Canal Brasil,Sebastiana,Luiz Gonzaga,SEBASTIANA,,title_only
clean unified,Planilha UNA.xlsx,Relatório UBEM - Canal Brasil,Coragem,Diogo Nogueira,CORAGEM,T-040.522.266-3,title_only
clean unified,Planilha UNA.xlsx,Relatório UBEM - Canal Brasil,Coragem,Diogo Nogueira,CORAGEM,,title_only
clean unified,Planilha UNA.xlsx,Relatório UBEM - Canal Brasil,Rio Babilônia,Jorge Ben Jor,RIO BABILÔNIA,T-311.596.075-9,title_only
clean unified,Planilha UNA.xlsx,Relatório UBEM - Canal Brasil,Tudo,Liniker,TUDO,T-301.718.723-0,title_only
clean unified,Planilha UNA.xlsx,Relatório UBEM - Canal Brasil,Fetiche,Baco Exu Do Blues,FETICHE,T-316.009.896-0,title_only
clean unified,Planilha UNA.xlsx,Relatório UBEM - Canal Brasil,Fetiche,Baco Exu Do Blues,FETICHE,T-316.009.896-0,title_only
clean unified,Planilha UNA.xlsx,Relatório UBEM - Canal Brasil,Macetando,"Ivete Sangalo,Ludmilla",MACETANDO,T-318.000.000-0,title_only
clean unified,Planilha UNA.xlsx,Relatório UBEM - Canal Brasil,Idgaf,"Brendon Urie,Ciara O'connor,Dua Lipa,Maitre Gims,Mnek,Noah A Seelmann,Saweetie,Todd Sherman Clark,Uzoechi Osisioma Emenike",IDGAF,T-304.308.877-9,title_only
clean unified,Planilha UNA.xlsx,Relatório UBEM - Canal Brasil,É O Que Me Interessa,Lenine,E O QUE ME INTERESSA,T-042.618.597-8,title_only
clean unified,Planilha UNA.xlsx,Relatório UBEM - Canal Brasil,Essa É Pra Você,Arthur Espindola,ESSA É PRA VOCE,T-040.048.737-7,title_only
clean unified,Planilha UNA.xlsx,Relatório UBEM - Canal Brasil,Vermelho,Chico Da Silva,VERMELHO,T-313.315.106-7,title_only
clean unified,Planilha UNA.xlsx,Relatório UBEM - Canal Brasil,Maria,Roberta Miranda,MARIA,T-307.006.304-2,title_only
clean unified,Planilha UNA.xlsx,Relatório UBEM - Canal Brasil,Maria,Roberta Miranda,MARIA,T-311.953.638-4,title_only
clean unified,Planilha UNA.xlsx,Relatório UBEM - Canal Brasil,Essa É Pra Você,Arthur Espindola,ESSA É PRA VOCE,T-040.048.737-7,title_only
clean unified,Planilha UNA.xlsx,Relatório UBEM - Canal Brasil,Vermelho,Chico Da Silva,VERMELHO,T-313.315.106-7,title_only
clean unified,Planilha UNA.xlsx,Relatório UBEM - Canal Brasil,Simbolo Da Paz,Ventania,SÍMBOLO DA PAZ,,title_only
clean unified,Planilha UNA.xlsx,Relatório UBEM - Canal Brasil,Paciência,"Alcione,Ferrugem",PACIENCIA,T-039.497.721-9,title_only
clean unified,Planilha UNA.xlsx,Relatório UBEM - Canal Brasil,Paciência,"Alcione,Ferrugem",PACIÊNCIA,T-040.522.253-8,title_only
clean unified,Planilha UNA.xlsx,Relatório UBEM - Canal Brasil,Sugar,Maroon 5,SUGAR,T-039.948.077-3,title_only
clean unified,Planilha UNA.xlsx,Relatório UBEM - Canal Brasil,Idgaf,Dua Lipa,IDGAF,T-304.308.877-9,title_only
clean unified,Planilha UNA.xlsx,Relatório UBEM - Canal Brasil,Maria,Roberta Miranda,MARIA,T-307.006.304-2,title_only
clean unified,Planilha UNA.xlsx,Relatório UBEM - Canal Brasil,Maria,Roberta Miranda,MARIA,T-311.953.638-4,title_only
clean unified,Planilha UNA.xlsx,Relatório UBEM - Canal Brasil,Essa É Pra Você,Arthur Espindola,ESSA É PRA VOCE,T-040.048.737-7,title_only
clean unified,Planilha UNA.xlsx,Relatório UBEM - Canal Brasil,Vermelho,Chico Da Silva,VERMELHO,T-313.315.106-7,title_only
clean unified,Planilha UNA.xlsx,Relatório UBEM - Canal Brasil,Maria,Roberta Miranda,MARIA,T-307.006.304-2,title_only
clean unified,Planilha UNA.xlsx,Relatório UBEM - Canal Brasil,Maria,Roberta Miranda,MARIA,T-311.953.638-4,title_only
clean unified,Planilha UNA.xlsx,Relatório UBEM - Canal Brasil,Paciência,"Alcione,Ferrugem",PACIENCIA,T-039.497.721-9,title_only
clean unified,Planilha UNA.xlsx,Relatório UBEM - Canal Brasil,Paciência,"Alcione,Ferrugem",PACIÊNCIA,T-040.522.253-8,title_only
clean unified,Planilha UNA.xlsx,Relatório UBEM - Canal Brasil,Felicidade,Seu Jorge,FELICIDADE,,title_only
clean unified,Planilha UNA.xlsx,Relatório UBEM - Canal Brasil,Alvorada,Teresa Cristina,ALVORADA,T-040.011.846-8,title_only
clean unified,Planilha UNA.xlsx,Relatório UBEM - Canal Brasil,Alvorada,Teresa Cristina,ALVORADA,,title_only
clean unified,Planilha UNA.xlsx,Relatório UBEM - Canal Brasil,Travessia,Milton Nascimento,TRAVESSIA,T-313.642.509-3,title_only
clean unified,Planilha UNA.xlsx,Relatório UBEM - Canal Brasil,Felicidade,Seu Jorge,FELICIDADE,,title_only
clean unified,Planilha UNA.xlsx,Relatório UBEM - Canal Brasil,Alvorada,Teresa Cristina,ALVORADA,T-040.011.846-8,title_only
clean unified,Planilha UNA.xlsx,Relatório UBEM - Canal Brasil,Alvorada,Teresa Cristina,ALVORADA,,title_only
clean unified,Planilha UNA.xlsx,Relatório UBEM - Canal Brasil,Vencedor,Calcinha Preta,VENCEDOR,T-313.263.562-8,title_only
clean unified,Planilha UNA.xlsx,Relatório UBEM - Canal Brasil,Alvorada,Cartola,ALVORADA,T-040.011.846-8,title_only
clean unified,Planilha UNA.xlsx,Relatório UBEM - Canal Brasil,Alvorada,Cartola,ALVORADA,,title_only
clean unified,Planilha UNA.xlsx,Relatório UBEM - Canal Brasil,Pantanal,Personagem Juma,PANTANAL,T-318.464.891-3,title_only
clean unified,Planilha UNA.xlsx,Relatório UBEM - Canal Brasil,Perfume,Soweto,PERFUME,T-305.215.262-8,title_only
clean unified,Planilha UNA.xlsx,Relatório UBEM - Canal Brasil,Corda Bamba,"Ivete Sangalo,Iza",CORDA BAMBA,T-335.571.849-5,title_only
clean unified,Planilha UNA.xlsx,Relatório UBEM - Canal Brasil,Terremoto,"Anitta,Mc Kevinho",TERREMOTO,T-307.297.647-3,title_only
clean unified,Planilha UNA.xlsx,Relatório UBEM - Canal Brasil,Reforma,"Manim Vaqueiro,Thiago Freitas",REFORMA,T-040.275.778-1,title_only
clean unified,Planilha UNA.xlsx,Relatório UBEM - Canal Brasil,Beijinho No Ombro,Valesca Popozuda,BEIJINHO NO OMBRO,T-311.569.064-3,title_only
clean unified,Planilha UNA.xlsx,Relatório UBEM - Canal Brasil,Corda Bamba,"Ivete Sangalo,Iza",CORDA BAMBA,T-335.571.849-5,title_only
clean unified,Planilha UNA.xlsx,Relatório UBEM - Canal Brasil,Terremoto,"Anitta,Mc Kevinho",TERREMOTO,T-307.297.647-3,title_only
clean unified,Planilha UNA.xlsx,Relatório UBEM - Canal Brasil,Temporal,Thiaguinho,TEMPORAL,T-307.003.180-6,title_only
clean unified,Planilha UNA.xlsx,Relatório UBEM - Canal Brasil,Beijinho No Ombro,Valesca Popozuda,BEIJINHO NO OMBRO,T-311.569.064-3,title_only
clean unified,Planilha UNA.xlsx,Relatório UBEM - Canal Brasil,Downtown,"Anitta,J Balvin",DOWNTOWN,,title_only
clean unified,Planilha UNA.xlsx,Relatório UBEM - Canal Brasil,Socadona,"Ludmilla,Mariah Angeliq,Mr. Vegas,Topo La Maskara",SOCADONA,T-305.217.548-7,title_only
clean unified,Planilha UNA.xlsx,Relatório UBEM - Canal Brasil,Socadona,"Ludmilla,Mariah Angeliq,Mr. Vegas,Topo La Maskara",SOCADONA,,title_only
clean unified,Planilha UNA.xlsx,Relatório UBEM - Canal Brasil,Malvada,Zé Felipe,MALVADA,T-303.019.880-8,title_only
clean unified,Planilha UNA.xlsx,Relatório UBEM - Canal Brasil,Malvada,Zé Felipe,MALVADA,,title_only
clean unified,Planilha UNA.xlsx,Relatório UBEM - Canal Brasil,Downtown,"Anitta,J Balvin",DOWNTOWN,,title_only
clean unified,Planilha UNA.xlsx,Relatório UBEM - Canal Brasil,Inquilino,Naiara Azevedo Part. Zé Neto & Cristiano,INQUILINO,T-315.996.161-8,title_only
clean unified,Planilha UNA.xlsx,Relatório UBEM - Canal Brasil,Macetando,"Ivete Sangalo,Ludmilla",MACETANDO,T-318.000.000-0,title_only
clean unified,Planilha UNA.xlsx,Relatório UBEM - Canal Brasil,Brisa,Iza,BRISA,T-315.799.145-8,title_only
clean unified,Planilha UNA.xlsx,Relatório UBEM - Canal Brasil,Brisa,Iza,BRISA,T-316.180.981-6,title_only
clean unified,Planilha UNA.xlsx,Relatório UBEM - Canal Brasil,Brisa,Iza,BRISA,T-326.766.166-1,title_only
clean unified,Planilha UNA.xlsx,Relatório UBEM - Canal Brasil,Malvada,Zé Felipe,MALVADA,T-303.019.880-8,title_only
clean unified,Planilha UNA.xlsx,Relatório UBEM - Canal Brasil,Malvada,Zé Felipe,MALVADA,,title_only
clean unified,Planilha UNA.xlsx,Relatório UBEM - Canal Brasil,Inquilino,Naiara Azevedo Part. Zé Neto & Cristiano,INQUILINO,T-315.996.161-8,title_only
clean unified,Planilha UNA.xlsx,Relatório UBEM - Canal Brasil,Macetando,"Ivete Sangalo,Ludmilla",MACETANDO,T-318.000.000-0,title_only
clean unified,Planilha UNA.xlsx,Relatório UBEM - Canal Brasil,Amigo,Elenco Família Paraíso,AMIGO,,title_only
clean unified,Planilha UNA.xlsx,Relatório UBEM - Canal Brasil,Beijinho No Ombro,Valesca Popozuda,BEIJINHO NO OMBRO,T-311.569.064-3,title_only
clean unified,Planilha UNA.xlsx,Relatório UBEM - Canal Brasil,Corda Bamba,Iza,CORDA BAMBA,T-335.571.849-5,title_only
clean unified,Planilha UNA.xlsx,Relatório UBEM - Canal Brasil,Sugar,Robin Schulz,SUGAR,T-039.948.077-3,title_only
clean unified,Planilha UNA.xlsx,Relatório UBEM - Canal Brasil,Brisa,Iza,BRISA,T-315.799.145-8,title_only
clean unified,Planilha UNA.xlsx,Relatório UBEM - Canal Brasil,Brisa,Iza,BRISA,T-316.180.981-6,title_only
clean unified,Planilha UNA.xlsx,Relatório UBEM - Canal Brasil,Brisa,Iza,BRISA,T-326.766.166-1,title_only
clean unified,Planilha UNA.xlsx,Relatório UBEM - Canal Brasil,Beijinho No Ombro,"Marcus Majella,Valesca Popozuda",BEIJINHO NO OMBRO,T-311.569.064-3,title_only
clean unified,Planilha UNA.xlsx,Relatório UBEM - Canal Brasil,Malvada,Zé Felipe,MALVADA,T-303.019.880-8,title_only
clean unified,Planilha UNA.xlsx,Relatório UBEM - Canal Brasil,Malvada,Zé Felipe,MALVADA,,title_only
clean unified,Planilha UNA.xlsx,Relatório UBEM - Canal Brasil,Inquilino,Naiara Azevedo Part. Zé Neto & Cristiano,INQUILINO,T-315.996.161-8,title_only
clean unified,Planilha UNA.xlsx,Relatório UBEM - Canal Brasil,Beijinho No Ombro,Valesca Popozuda,BEIJINHO NO OMBRO,T-311.569.064-3,title_only
clean unified,Planilha UNA.xlsx,Relatório UBEM - Canal Brasil,Corda Bamba,Iza,CORDA BAMBA,T-335.571.849-5,title_only
clean unified,Planilha UNA.xlsx,Relatório UBEM - Canal Brasil,Brisa,Iza,BRISA,T-315.799.145-8,title_only
clean unified,Planilha UNA.xlsx,Relatório UBEM - Canal Brasil,Brisa,Iza,BRISA,T-316.180.981-6,title_only
clean unified,Planilha UNA.xlsx,Relatório UBEM - Canal Brasil,Brisa,Iza,BRISA,T-326.766.166-1,title_only
clean unified,Planilha UNA.xlsx,Relatório UBEM - Canal Brasil,Malvada,Zé Felipe,MALVADA,T-303.019.880-8,title_only
clean unified,Planilha UNA.xlsx,Relatório UBEM - Canal Brasil,Malvada,Zé Felipe,MALVADA,,title_only
clean unified,Planilha UNA.xlsx,Relatório UBEM - Canal Brasil,Inquilino,Naiara Azevedo Part. Zé Neto & Cristiano,INQUILINO,T-315.996.161-8,title_only
clean unified,Planilha UNA.xlsx,Relatório UBEM - Canal Brasil,Brisa,Iza,BRISA,T-315.799.145-8,title_only
clean unified,Planilha UNA.xlsx,Relatório UBEM - Canal Brasil,Brisa,Iza,BRISA,T-316.180.981-6,title_only
clean unified,Planilha UNA.xlsx,Relatório UBEM - Canal Brasil,Brisa,Iza,BRISA,T-326.766.166-1,title_only
clean unified,Planilha UNA.xlsx,Relatório UBEM - Canal Brasil,Amigo,Elenco Família Paraíso,AMIGO,,title_only
clean unified,Planilha UNA.xlsx,Relatório UBEM - Canal Brasil,Dança Do Maxixe,Companhia Do Pagode,DANÇA DO MAXIXE,,title_only
clean unified,Planilha UNA.xlsx,Relatório UBEM - Canal Brasil,Treme Treme,"As Gêmeas Lacração,Mc Loma",TREME TREME,,title_only
clean unified,Planilha UNA.xlsx,Relatório UBEM - Canal Brasil,Fuleragem,Mc Wm,FULERAGEM,T-305.214.250-0,title_only
clean unified,Planilha UNA.xlsx,Relatório UBEM - Canal Brasil,Sugar,Robin Schulz,SUGAR,T-039.948.077-3,title_only
clean unified,Planilha UNA.xlsx,Relatório UBEM - Canal Brasil,Beijinho No Ombro,"Marcus Majella,Valesca Popozuda",BEIJINHO NO OMBRO,T-311.569.064-3,title_only
clean unified,Planilha UNA.xlsx,Relatório UBEM - Canal Brasil,Beijinho No Ombro,Valesca Popozuda,BEIJINHO NO OMBRO,T-311.569.064-3,title_only
clean unified,Planilha UNA.xlsx,Relatório UBEM - Canal Brasil,Corda Bamba,Iza,CORDA BAMBA,T-335.571.849-5,title_only
clean unified,Planilha UNA.xlsx,Relatório UBEM - Canal Brasil,Sugar,Maroon 5,SUGAR,T-039.948.077-3,title_only
clean unified,Planilha UNA.xlsx,Relatório UBEM - Canal Brasil,Vermelho,Gloria Groove,VERMELHO,T-313.315.106-7,title_only
clean unified,Planilha UNA.xlsx,Relatório UBEM - Canal Brasil,Sentou E Gostou,"Dj Rd,Mc Jottapê,Mc M10",SENTOU E GOSTOU,T-303.761.734-4,title_only
clean unified,Planilha UNA.xlsx,Relatório UBEM - Canal Brasil,Fuleragem,Mc Wm,FULERAGEM,T-305.214.250-0,title_only
clean unified,Planilha UNA.xlsx,Relatório UBEM - Canal Brasil,Sugar,Maroon 5,SUGAR,T-039.948.077-3,title_only
clean unified,Planilha UNA.xlsx,Relatório UBEM - Canal Brasil,Sugar,Maroon 5,SUGAR,T-039.948.077-3,title_only
clean unified,Planilha UNA.xlsx,Relatório UBEM - Canal Brasil,Vermelho,Gloria Groove,VERMELHO,T-313.315.106-7,title_only
clean unified,Planilha UNA.xlsx,Relatório UBEM - Canal Brasil,Armadilha,Péricles,ARMADILHA,,title_only
clean unified,Planilha UNA.xlsx,Relatório UBEM - Canal Brasil,Sentou E Gostou,"Dj Rd,Mc Jottapê,Mc M10",SENTOU E GOSTOU,T-303.761.734-4,title_only
clean unified,Planilha UNA.xlsx,Relatório UBEM - Canal Brasil,Fuleragem,Mc Wm,FULERAGEM,T-305.214.250-0,title_only
clean unified,Planilha UNA.xlsx,Relatório UBEM - Canal Brasil,Sugar,Maroon 5,SUGAR,T-039.948.077-3,title_only
clean unified,Planilha UNA.xlsx,Relatório UBEM - Canal Brasil,Tudo,Liniker,TUDO,T-301.718.723-0,title_only
clean unified,Planilha UNA.xlsx,Relatório UBEM - Canal Brasil,Armadilha,Péricles,ARMADILHA,,title_only
clean unified,Planilha UNA.xlsx,Relatório UBEM - Canal Brasil,Dança Do Maxixe,Companhia Do Pagode,DANÇA DO MAXIXE,,title_only
clean unified,Planilha UNA.xlsx,Relatório UBEM - Canal Brasil,Treme Treme,"As Gêmeas Lacração,Mc Loma",TREME TREME,,title_only
clean unified,Planilha UNA.xlsx,Relatório UBEM - Canal Brasil,Fuleragem,Mc Wm,FULERAGEM,T-305.214.250-0,title_only
clean unified,Planilha UNA.xlsx,Relatório UBEM - Canal Brasil,Sentou E Gostou,"Dj Rd,Mc Jottapê,Mc M10",SENTOU E GOSTOU,T-303.761.734-4,title_only
clean unified,Planilha UNA.xlsx,Relatório UBEM - Canal Brasil,Fuleragem,Mc Wm,FULERAGEM,T-305.214.250-0,title_only
clean unified,Planilha UNA.xlsx,Relatório UBEM - Canal Brasil,Sugar,Maroon 5,SUGAR,T-039.948.077-3,title_only
clean unified,Planilha UNA.xlsx,Relatório UBEM - Canal Brasil,Armadilha,Péricles,ARMADILHA,,title_only
clean unified,Planilha UNA.xlsx,Relatório UBEM - Canal Brasil,Dança Do Maxixe,Companhia Do Pagode,DANÇA DO MAXIXE,,title_only
clean unified,Planilha UNA.xlsx,Relatório UBEM - Canal Brasil,Treme Treme,"As Gêmeas Lacração,Mc Loma",TREME TREME,,title_only
clean unified,Planilha UNA.xlsx,Relatório UBEM - Canal Brasil,Fuleragem,Mc Wm,FULERAGEM,T-305.214.250-0,title_only
clean unified,Planilha UNA.xlsx,Relatório UBEM - Canal Brasil,Sentou E Gostou,"Dj Rd,Mc Jottapê,Mc M10",SENTOU E GOSTOU,T-303.761.734-4,title_only
clean unified,Planilha UNA.xlsx,Relatório UBEM - Canal Brasil,Fuleragem,Mc Wm,FULERAGEM,T-305.214.250-0,title_only
clean unified,Planilha UNA.xlsx,Relatório UBEM - Canal Brasil,Tudo,Liniker,TUDO,T-301.718.723-0,title_only
clean unified,Planilha UNA.xlsx,Relatório UBEM - Canal Brasil,Armadilha,Péricles,ARMADILHA,,title_only
clean unified,Planilha UNA.xlsx,Relatório UBEM - Canal Brasil,Carcará,Personagem Juma,CARCARA,T-040.347.911-7,title_only
clean unified,Planilha UNA.xlsx,Relatório UBEM - Canal Brasil,Carcará,Personagem Juma,CARCARÁ,T-308.468.519-4,title_only
clean unified,Planilha UNA.xlsx,Relatório UBEM - Canal Brasil,Máscara,Pitty,MÁSCARA,,title_only
clean unified,Planilha UNA.xlsx,Relatório UBEM - Canal Brasil,Dança Do Maxixe,Companhia Do Pagode,DANÇA DO MAXIXE,,title_only
clean unified,Planilha UNA.xlsx,Relatório UBEM - Canal Brasil,Treme Treme,"As Gêmeas Lacração,Mc Loma",TREME TREME,,title_only
clean unified,Planilha UNA.xlsx,Relatório UBEM - Canal Brasil,Fuleragem,Mc Wm,FULERAGEM,T-305.214.250-0,title_only
clean unified,Planilha UNA.xlsx,Relatório UBEM - Canal Brasil,Carcará,Personagem Juma,CARCARA,T-040.347.911-7,title_only
clean unified,Planilha UNA.xlsx,Relatório UBEM - Canal Brasil,Carcará,Personagem Juma,CARCARÁ,T-308.468.519-4,title_only
clean unified,Planilha UNA.xlsx,Relatório UBEM - Canal Brasil,Máscara,Pitty,MÁSCARA,,title_only
clean unified,Planilha UNA.xlsx,Relatório UBEM - Canal Brasil,Terremoto,"Anitta,Mc Kevinho",TERREMOTO,T-307.297.647-3,title_only
clean unified,Planilha UNA.xlsx,Relatório UBEM - Canal Brasil,Terremoto,"Anitta,Mc Kevinho",TERREMOTO,T-307.297.647-3,title_only
clean unified,Planilha UNA.xlsx,Relatório UBEM - Canal Brasil,Amanhã,"Reginaldo Rossi,Roberta Miranda",AMANHÃ,T-307.004.953-1,title_only
clean unified,Planilha UNA.xlsx,Relatório UBEM - Canal Brasil,Carcará,Personagem Juma,CARCARA,T-040.347.911-7,title_only
clean unified,Planilha UNA.xlsx,Relatório UBEM - Canal Brasil,Carcará,Personagem Juma,CARCARÁ,T-308.468.519-4,title_only
clean unified,Planilha UNA.xlsx,Relatório UBEM - Canal Brasil,Máscara,Pitty,MÁSCARA,,title_only
clean unified,Planilha UNA.xlsx,Relatório UBEM - Canal Brasil,Malandramente,"Dennis Dj,Nandinho,Nego Bam",MALANDRAMENTE,T-308.115.009-2,title_only
clean unified,Planilha UNA.xlsx,Relatório UBEM - Canal Brasil,Terremoto,"Anitta,Mc Kevinho",TERREMOTO,T-307.297.647-3,title_only
clean unified,Planilha UNA.xlsx,Relatório UBEM - Canal Brasil,Amanhã,"Reginaldo Rossi,Roberta Miranda",AMANHÃ,T-307.004.953-1,title_only
clean unified,Planilha UNA.xlsx,Relatório UBEM - Canal Brasil,Carcará,Personagem Juma,CARCARA,T-040.347.911-7,title_only
clean unified,Planilha UNA.xlsx,Relatório UBEM - Canal Brasil,Carcará,Personagem Juma,CARCARÁ,T-308.468.519-4,title_only
clean unified,Planilha UNA.xlsx,Relatório UBEM - Canal Brasil,Máscara,Pitty,MÁSCARA,,title_only
clean unified,Planilha UNA.xlsx,Relatório UBEM - Canal Brasil,Combate,"Aldair Playboy,Mc Wm",COMBATE,T-306.803.836-4,title_only
clean unified,Planilha UNA.xlsx,Relatório UBEM - Canal Brasil,Terremoto,"Anitta,Mc Kevinho",TERREMOTO,T-307.297.647-3,title_only
clean unified,Planilha UNA.xlsx,Relatório UBEM - Canal Brasil,Carcará,Personagem Juma,CARCARA,T-040.347.911-7,title_only
clean unified,Planilha UNA.xlsx,Relatório UBEM - Canal Brasil,Carcará,Personagem Juma,CARCARÁ,T-308.468.519-4,title_only
clean unified,Planilha UNA.xlsx,Relatório UBEM - Canal Brasil,Máscara,Pitty,MÁSCARA,,title_only
clean unified,Planilha UNA.xlsx,Relatório UBEM - Canal Brasil,Combate,"Aldair Playboy,Mc Wm",COMBATE,T-306.803.836-4,title_only
clean unified,Planilha UNA.xlsx,Relatório UBEM - Canal Brasil,Malandramente,"Dennis Dj,Nandinho,Nego Bam",MALANDRAMENTE,T-308.115.009-2,title_only
clean unified,Planilha UNA.xlsx,Relatório UBEM - Canal Brasil,Terremoto,"Anitta,Mc Kevinho",TERREMOTO,T-307.297.647-3,title_only
clean unified,Planilha UNA.xlsx,Relatório UBEM - Canal Brasil,Até O Fim,"Banda Mahi,Markinho Duran",ATE O FIM,T-042.023.019-8,title_only
clean unified,Planilha UNA.xlsx,Relatório UBEM - Canal Brasil,Eu Vou,"Fábio Brazza,Txéllo",EU VOU,T-040.469.531-3,title_only
clean unified,Planilha UNA.xlsx,Relatório UBEM - Canal Brasil,Terrorista,Sirena,TERRORISTA,T-932.265.309-8,title_only
clean unified,Planilha UNA.xlsx,Relatório UBEM - Canal Brasil,Terremoto,"Anitta,Mc Kevinho",TERREMOTO,T-307.297.647-3,title_only
clean unified,Planilha UNA.xlsx,Relatório UBEM - Canal Brasil,Malandramente,"Dennis Dj,Nandinho,Nego Bam",MALANDRAMENTE,T-308.115.009-2,title_only
clean unified,Planilha UNA.xlsx,Relatório UBEM - Canal Brasil,Terremoto,"Anitta,Mc Kevinho",TERREMOTO,T-307.297.647-3,title_only
clean unified,Planilha UNA.xlsx,Relatório UBEM - Canal Brasil,Terremoto,"Anitta,Mc Kevinho",TERREMOTO,T-307.297.647-3,title_only
clean unified,Planilha UNA.xlsx,Relatório UBEM - Canal Brasil,Combate,"Aldair Playboy,Mc Wm",COMBATE,T-306.803.836-4,title_only
clean unified,Planilha UNA.xlsx,Relatório UBEM - Canal Brasil,Terremoto,"Anitta,Mc Kevinho",TERREMOTO,T-307.297.647-3,title_only
clean unified,Planilha UNA.xlsx,Relatório UBEM - Canal Brasil,Verdade,Karinah,VERDADE,T-302.003.913-4,title_only
clean unified,Planilha UNA.xlsx,Relatório UBEM - Canal Brasil,De Novo,Vitor Kley,DE NOVO,T-319.876.158-5,title_only
clean unified,Planilha UNA.xlsx,Relatório UBEM - Canal Brasil,Era Uma Vez,Sandy & Junior,ERA UMA VEZ,,title_only
clean unified,Planilha UNA.xlsx,Relatório UBEM - Canal Brasil,Maliciosa,Ludmilla,MALICIOSA,T-308.115.017-2,title_only
clean unified,Planilha UNA.xlsx,Relatório UBEM - Canal Brasil,Beijinho No Ombro,Valesca Popozuda,BEIJINHO NO OMBRO,T-311.569.064-3,title_only
clean unified,Planilha UNA.xlsx,Relatório UBEM - Canal Brasil,Sentou E Gostou,"Dj Rd,Mc Jottapê,Mc M10",SENTOU E GOSTOU,T-303.761.734-4,title_only
clean unified,Planilha UNA.xlsx,Relatório UBEM - Canal Brasil,Fuleragem,Mc Wm,FULERAGEM,T-305.214.250-0,title_only
clean unified,Planilha UNA.xlsx,Relatório UBEM - Canal Brasil,Eu Vou Sentar,"Melody,Nattan",EU VOU SENTAR,T-305.267.256-3,title_only
clean unified,Planilha UNA.xlsx,Relatório UBEM - Canal Brasil,Verdade,Karinah,VERDADE,T-302.003.913-4,title_only
clean unified,Planilha UNA.xlsx,Relatório UBEM - Canal Brasil,De Novo,Vitor Kley,DE NOVO,T-319.876.158-5,title_only
clean unified,Planilha UNA.xlsx,Relatório UBEM - Canal Brasil,Eu Vou Sentar,"Melody,Nattan",EU VOU SENTAR,T-305.267.256-3,title_only
clean unified,Planilha UNA.xlsx,Relatório UBEM - Canal Brasil,São Paulo,"Anitta,Weeknd, The",SÃO PAULO,,title_only
clean unified,Planilha UNA.xlsx,Relatório UBEM - Canal Brasil,Fuleragem,Mc Wm,FULERAGEM,T-305.214.250-0,title_only
clean unified,Planilha UNA.xlsx,Relatório UBEM - Canal Brasil,Malandramente,"Dennis Dj,Nandinho,Nego Bam",MALANDRAMENTE,T-308.115.009-2,title_only
clean unified,Planilha UNA.xlsx,Relatório UBEM - Canal Brasil,São Paulo,"Anitta,Weeknd, The",SÃO PAULO,,title_only
clean unified,Planilha UNA.xlsx,Relatório UBEM - Canal Brasil,Final Feliz,Plateia: Márcia Rosa,FINAL FELIZ,T-315.996.147-0,title_only
clean unified,Planilha UNA.xlsx,Relatório UBEM - Canal Brasil,Brisa,"Andy Gercker,Evelyn Castro,Roberta Rodrigues,Rodrigo Sant'anna",BRISA,T-315.799.145-8,title_only
clean unified,Planilha UNA.xlsx,Relatório UBEM - Canal Brasil,Brisa,"Andy Gercker,Evelyn Castro,Roberta Rodrigues,Rodrigo Sant'anna",BRISA,T-316.180.981-6,title_only
clean unified,Planilha UNA.xlsx,Relatório UBEM - Canal Brasil,Brisa,"Andy Gercker,Evelyn Castro,Roberta Rodrigues,Rodrigo Sant'anna",BRISA,T-326.766.166-1,title_only
clean unified,Planilha UNA.xlsx,Relatório UBEM - Canal Brasil,Treme Treme,"As Gêmeas Lacração,Mc Loma",TREME TREME,,title_only
clean unified,Planilha UNA.xlsx,Relatório UBEM - Canal Brasil,Me Gusta,"Anitta,Cardi B,Myke Towers",ME GUSTA,,title_only
clean unified,Planilha UNA.xlsx,Relatório UBEM - Canal Brasil,Fuleragem,Mc Wm,FULERAGEM,T-305.214.250-0,title_only
clean unified,Planilha UNA.xlsx,Relatório UBEM - Canal Brasil,Pedra,Technobrass,PEDRA,,title_only
clean unified,Planilha UNA.xlsx,Relatório UBEM - Canal Brasil,Dna,"Kills, The",DNA,,title_only
clean unified,Planilha UNA.xlsx,Relatório UBEM - Canal Brasil,Pedra,Technobrass,PEDRA,,title_only
clean unified,Planilha UNA.xlsx,Relatório UBEM - Canal Brasil,Dna,"Kills, The",DNA,,title_only
clean unified,Planilha UNA.xlsx,Relatório UBEM - Canal Brasil,Pedra,Technobrass,PEDRA,,title_only
clean unified,Planilha UNA.xlsx,Relatório UBEM - Canal Brasil,Dna,"Kills, The",DNA,,title_only
clean unified,Planilha UNA.xlsx,Relatório UBEM - Canal Brasil,Baile De Favela,Mc João,BAILE DE FAVELA,T-303.383.693-6,title_only
clean unified,Planilha UNA.xlsx,Relatório UBEM - Canal Brasil,Baile De Favela,Mc João,BAILE DE FAVELA,T-303.383.693-6,title_only
clean unified,Planilha UNA.xlsx,Relatório UBEM - Canal Brasil,Baile De Favela,Mc João,BAILE DE FAVELA,T-303.383.693-6,title_only
clean unified,Planilha UNA.xlsx,Relatório UBEM - Canal Brasil,Baile De Favela,Mc João,BAILE DE FAVELA,T-303.383.693-6,title_only
clean unified,Planilha UNA.xlsx,Relatório UBEM - Canal Brasil,Baile De Favela,Mc João,BAILE DE FAVELA,T-303.383.693-6,title_only
clean unified,Planilha UNA.xlsx,Relatório UBEM - Canal Brasil,Baile De Favela,Mc João,BAILE DE FAVELA,T-303.383.693-6,title_only
clean unified,Planilha UNA.xlsx,Relatório UBEM - Canal Brasil,De Novo,Vitor Kley,DE NOVO,T-319.876.158-5,title_only
clean unified,Planilha UNA.xlsx,Relatório UBEM - Canal Brasil,Socadona,Participantes,SOCADONA,T-305.217.548-7,title_only
clean unified,Planilha UNA.xlsx,Relatório UBEM - Canal Brasil,Socadona,Participantes,SOCADONA,,title_only
clean unified,Planilha UNA.xlsx,Relatório UBEM - Canal Brasil,Praia,Murilo Huff,PRAIA,,title_only
clean unified,Planilha UNA.xlsx,Relatório UBEM - Canal Brasil,Maravilhosa,Banda,MARAVILHOSA,T-306.797.414-1,title_only
clean unified,Planilha UNA.xlsx,Relatório UBEM - Canal Brasil,Sexto Sentido,Joao Lucas,SEXTO SENTIDO,T-039.311.527-9,title_only
clean unified,Planilha UNA.xlsx,Relatório UBEM - Canal Brasil,Balanco,Nacao Zumbi,BALANCO,T-039.828.191-8,title_only
clean unified,Planilha UNA.xlsx,Relatório UBEM - Canal Brasil,Maria,Ricky Martin,MARIA,T-307.006.304-2,title_only
clean unified,Planilha UNA.xlsx,Relatório UBEM - Canal Brasil,Maria,Ricky Martin,MARIA,T-311.953.638-4,title_only
clean unified,Planilha UNA.xlsx,Relatório UBEM - Canal Brasil,Ei Moto Taxi,"Dj Dn O Astro,Dj Mts,Mc Monik Do Pix",EI MOTO TAXI,T-330.716.394-2,title_only
clean unified,Planilha UNA.xlsx,Relatório UBEM - Canal Brasil,A Danca,Mc Hariel,A DANÇA,T-309.492.339-0,title_only
clean unified,Planilha UNA.xlsx,Relatório UBEM - Canal Brasil,Me Chama,Lobao,ME CHAMA,T-311.953.645-3,title_only
clean unified,Planilha UNA.xlsx,Relatório UBEM - Canal Brasil,Pocoto,Mc Serginho,POCOTÓ,T-306.794.969-9,title_only
clean unified,Planilha UNA.xlsx,Relatório UBEM - Canal Brasil,Beijinho No Ombro,Participante,BEIJINHO NO OMBRO,T-311.569.064-3,title_only
clean unified,Planilha UNA.xlsx,Relatório UBEM - Canal Brasil,Era Uma Vez,Sandy E Junior,ERA UMA VEZ,,title_only
clean unified,Planilha UNA.xlsx,Relatório UBEM - Canal Brasil,Amanha,Roberta Miranda,AMANHÃ,T-307.004.953-1,title_only
clean unified,Planilha UNA.xlsx,Relatório UBEM - Canal Brasil,Tubaroes,Diego & Victor Hugo,TUBAROES,,title_only
clean unified,Planilha UNA.xlsx,Relatório UBEM - Canal Brasil,Poc Poc,Pedro Sampaio,POC POC,,title_only
clean unified,Planilha UNA.xlsx,Relatório UBEM - Canal Brasil,Vida,Bruna Viola,VIDA,,title_only
clean unified,Planilha UNA.xlsx,Relatório UBEM - Canal Brasil,Mascara,Pitty,MÁSCARA,,title_only
clean unified,Planilha UNA.xlsx,Relatório UBEM - Canal Brasil,Tubaroes,Diego & Victor Hugo,TUBAROES,,title_only
clean unified,Planilha UNA.xlsx,Relatório UBEM - Canal Brasil,Ei Moto Taxi,"Dj Fabricio Satisfaction,Dj Luan Indiscutível,Mc Monik Do Pix",EI MOTO TAXI,T-330.716.394-2,title_only
clean unified,Planilha UNA.xlsx,Relatório UBEM - Canal Brasil,Carcara,Personagem Juma,CARCARA,T-040.347.911-7,title_only
clean unified,Planilha UNA.xlsx,Relatório UBEM - Canal Brasil,Carcara,Personagem Juma,CARCARÁ,T-308.468.519-4,title_only
clean unified,Planilha UNA.xlsx,Relatório UBEM - Canal Brasil,Criminal,Britney Spears,CRIMINAL,T-932.737.486-7,title_only
clean unified,Planilha UNA.xlsx,Relatório UBEM - Canal Brasil,Baile De Favela,Cacau Protasio,BAILE DE FAVELA,T-303.383.693-6,title_only
clean unified,Planilha UNA.xlsx,Relatório UBEM - Canal Brasil,Baile De Favela,Mc Joao,BAILE DE FAVELA,T-303.383.693-6,title_only
clean unified,Planilha UNA.xlsx,Relatório UBEM - Canal Brasil,Perfume,Belo,PERFUME,T-305.215.262-8,title_only
clean unified,Planilha UNA.xlsx,Relatório UBEM - Canal Brasil,Criminal,Britney Spears,CRIMINAL,T-932.737.486-7,title_only
clean unified,Planilha UNA.xlsx,Relatório UBEM - Canal Brasil,Espelho,Chico Chico,ESPELHO,T-931.652.333-8,title_only
clean unified,Planilha UNA.xlsx,Relatório UBEM - Canal Brasil,Espelho,Chico Chico,ESPELHO,T-335.571.845-1,title_only
clean unified,Planilha UNA.xlsx,Relatório UBEM - Canal Brasil,Opiniao,Samantha Schmutz,OPINIÃO,,title_only
clean unified,Planilha UNA.xlsx,Relatório UBEM - Canal Brasil,Perfume,Participantes Bbb 25,PERFUME,T-305.215.262-8,title_only
clean unified,Planilha UNA.xlsx,Relatório UBEM - Canal Brasil,Sou Eu,Ludmilla,SOU EU,T-042.615.532-9,title_only
clean unified,Planilha UNA.xlsx,Relatório UBEM - Canal Brasil,Maria,Blondie,MARIA,T-307.006.304-2,title_only
clean unified,Planilha UNA.xlsx,Relatório UBEM - Canal Brasil,Maria,Blondie,MARIA,T-311.953.638-4,title_only
clean unified,Planilha UNA.xlsx,Relatório UBEM - Canal Brasil,Poc Poc,Pedro Sampaio,POC POC,,title_only
clean unified,Planilha UNA.xlsx,Relatório UBEM - Canal Brasil,Verdade,Karinah,VERDADE,T-302.003.913-4,title_only
clean unified,Planilha UNA.xlsx,Relatório UBEM - Canal Brasil,Copacabana,Salome Da Bahia,COPACABANA,,title_only
clean unified,Planilha UNA.xlsx,Relatório UBEM - Canal Brasil,Copacabana,Salome Da Bahia,COPACABANA,,title_only
clean unified,Planilha UNA.xlsx,Relatório UBEM - Canal Brasil,Banho De Espuma,Elenco,BANHO DE ESPUMA,T-311.604.310-4,title_only
clean unified,Planilha UNA.xlsx,Relatório UBEM - Canal Brasil,Copacabana,Salome Da Bahia,COPACABANA,,title_only
clean unified,Planilha UNA.xlsx,Relatório UBEM - Canal Brasil,Copacabana,Salome Da Bahia,COPACABANA,,title_only
clean unified,Planilha UNA.xlsx,Relatório UBEM - Canal Brasil,Copacabana,Salome Da Bahia,COPACABANA,,title_only
clean unified,Planilha UNA.xlsx,Relatório UBEM - Canal Brasil,Copacabana,Salome Da Bahia,COPACABANA,,title_only
clean unified,Planilha UNA.xlsx,Relatório UBEM - Canal Brasil,Copacabana,Salome Da Bahia,COPACABANA,,title_only
clean unified,Planilha UNA.xlsx,Relatório UBEM - Canal Brasil,Copacabana,Salome Da Bahia,COPACABANA,,title_only
clean unified,Planilha UNA.xlsx,Relatório UBEM - Canal Brasil,America,Elenco,AMERICA,T-039.497.748-0,title_only
clean unified,Planilha UNA.xlsx,Relatório UBEM - Canal Brasil,Aurora,Elenco,AURORA,,title_only
clean unified,Planilha UNA.xlsx,Relatório UBEM - Canal Brasil,Copacabana,Salome Da Bahia,COPACABANA,,title_only
clean unified,Planilha UNA.xlsx,Relatório UBEM - Canal Brasil,Copacabana,Salome Da Bahia,COPACABANA,,title_only
clean unified,Planilha UNA.xlsx,Relatório UBEM - Canal Brasil,America,Elenco,AMERICA,T-039.497.748-0,title_only
clean unified,Planilha UNA.xlsx,Relatório UBEM - Canal Brasil,Copacabana,Salome Da Bahia,COPACABANA,,title_only
clean unified,Planilha UNA.xlsx,Relatório UBEM - Canal Brasil,Copacabana,Salome Da Bahia,COPACABANA,,title_only
clean unified,Planilha UNA.xlsx,Relatório UBEM - Canal Brasil,Copacabana,Salome Da Bahia,COPACABANA,,title_only
clean unified,Planilha UNA.xlsx,Relatório UBEM - Canal Brasil,Copacabana,Salome Da Bahia,COPACABANA,,title_only
clean unified,Planilha UNA.xlsx,Relatório UBEM - Canal Brasil,Copacabana,Salome Da Bahia,COPACABANA,,title_only
clean unified,Planilha UNA.xlsx,Relatório UBEM - Canal Brasil,Copacabana,Salome Da Bahia,COPACABANA,,title_only
clean unified,Planilha UNA.xlsx,Relatório UBEM - Canal Brasil,Copacabana,Salome Da Bahia,COPACABANA,,title_only
clean unified,Planilha UNA.xlsx,Relatório UBEM - Canal Brasil,Copacabana,Salome Da Bahia,COPACABANA,,title_only
clean unified,Planilha UNA.xlsx,Relatório UBEM - Canal Brasil,Copacabana,Salome Da Bahia,COPACABANA,,title_only
clean unified,Planilha UNA.xlsx,Relatório UBEM - Canal Brasil,Copacabana,Salome Da Bahia,COPACABANA,,title_only
clean unified,Planilha UNA.xlsx,Relatório UBEM - Canal Brasil,America,Elenco,AMERICA,T-039.497.748-0,title_only
clean unified,Planilha UNA.xlsx,Relatório UBEM - Canal Brasil,Copacabana,Salome Da Bahia,COPACABANA,,title_only
clean unified,Planilha UNA.xlsx,Relatório UBEM - Canal Brasil,Copacabana,Salome Da Bahia,COPACABANA,,title_only
clean unified,Planilha UNA.xlsx,Relatório UBEM - Canal Brasil,Copacabana,Salome Da Bahia,COPACABANA,,title_only
clean unified,Planilha UNA.xlsx,Relatório UBEM - Canal Brasil,Copacabana,Salome Da Bahia,COPACABANA,,title_only
clean unified,Planilha UNA.xlsx,Relatório UBEM - Canal Brasil,Colecao,Cassiano,COLEÇÃO,T-039.611.379-3,title_only
clean unified,Planilha UNA.xlsx,Relatório UBEM - Canal Brasil,Copacabana,Salome Da Bahia,COPACABANA,,title_only
clean unified,Planilha UNA.xlsx,Relatório UBEM - Canal Brasil,Copacabana,Salome Da Bahia,COPACABANA,,title_only
clean unified,Planilha UNA.xlsx,Relatório UBEM - Canal Brasil,Copacabana,Salome Da Bahia,COPACABANA,,title_only
clean unified,Planilha UNA.xlsx,Relatório UBEM - Canal Brasil,Copacabana,Salome Da Bahia,COPACABANA,,title_only
clean unified,Planilha UNA.xlsx,Relatório UBEM - Canal Brasil,Copacabana,Salome Da Bahia,COPACABANA,,title_only
clean unified,Planilha UNA.xlsx,Relatório UBEM - Canal Brasil,Copacabana,Salome Da Bahia,COPACABANA,,title_only
clean unified,Planilha UNA.xlsx,Relatório UBEM - Canal Brasil,Copacabana,Salome Da Bahia,COPACABANA,,title_only
clean unified,Planilha UNA.xlsx,Relatório UBEM - Canal Brasil,Copacabana,Salome Da Bahia,COPACABANA,,title_only
clean unified,Planilha UNA.xlsx,Relatório UBEM - Canal Brasil,Copacabana,Salome Da Bahia,COPACABANA,,title_only
clean unified,Planilha UNA.xlsx,Relatório UBEM - Canal Brasil,Copacabana,Salome Da Bahia,COPACABANA,,title_only
clean unified,Planilha UNA.xlsx,Relatório UBEM - Canal Brasil,Copacabana,Salome Da Bahia,COPACABANA,,title_only
clean unified,Planilha UNA.xlsx,Relatório UBEM - Canal Brasil,Copacabana,Salome Da Bahia,COPACABANA,,title_only
clean unified,Planilha UNA.xlsx,Relatório UBEM - Canal Brasil,Copacabana,Salome Da Bahia,COPACABANA,,title_only
clean unified,Planilha UNA.xlsx,Relatório UBEM - Canal Brasil,Copacabana,Salome Da Bahia,COPACABANA,,title_only
clean unified,Planilha UNA.xlsx,Relatório UBEM - Canal Brasil,Copacabana,Salome Da Bahia,COPACABANA,,title_only
clean unified,Planilha UNA.xlsx,Relatório UBEM - Canal Brasil,Copacabana,Salome Da Bahia,COPACABANA,,title_only
clean unified,Planilha UNA.xlsx,Relatório UBEM - Canal Brasil,Copacabana,Salome Da Bahia,COPACABANA,,title_only
clean unified,Planilha UNA.xlsx,Relatório UBEM - Canal Brasil,Sebastiana,Anonimo,SEBASTIANA,,title_only
clean unified,Planilha UNA.xlsx,Relatório UBEM - Canal Brasil,Copacabana,Salome Da Bahia,COPACABANA,,title_only
clean unified,Planilha UNA.xlsx,Relatório UBEM - Canal Brasil,Sebastiana,Anonimo,SEBASTIANA,,title_only
clean unified,Planilha UNA.xlsx,Relatório UBEM - Canal Brasil,Copacabana,Salome Da Bahia,COPACABANA,,title_only
clean unified,Planilha UNA.xlsx,Relatório UBEM - Canal Brasil,Tudo Com Voce,"Leo,Victor",TUDO COM VOCE,T-039.134.796-8,title_only
clean unified,Planilha UNA.xlsx,Relatório UBEM - Canal Brasil,Copacabana,Salome Da Bahia,COPACABANA,,title_only
clean unified,Planilha UNA.xlsx,Relatório UBEM - Canal Brasil,Copacabana,Salome Da Bahia,COPACABANA,,title_only
clean unified,Planilha UNA.xlsx,Relatório UBEM - Canal Brasil,Pocoto,Mc Serginho,POCOTÓ,T-306.794.969-9,title_only
clean unified,Planilha UNA.xlsx,Relatório UBEM - Canal Brasil,Nada Mudou,"Daniel,Luan Pereira,Rionegro,Solimoes",NADA MUDOU,T-039.544.550-7,title_only
clean unified,Planilha UNA.xlsx,Relatório UBEM - Canal Brasil,Perfume,Belo,PERFUME,T-305.215.262-8,title_only
clean unified,Planilha UNA.xlsx,Relatório UBEM - Canal Brasil,Alvorada,"Alcione,Cartola",ALVORADA,T-040.011.846-8,title_only
clean unified,Planilha UNA.xlsx,Relatório UBEM - Canal Brasil,Alvorada,"Alcione,Cartola",ALVORADA,,title_only
clean unified,Planilha UNA.xlsx,Relatório UBEM - Canal Brasil,Alvorada,"Alcione,Cartola",ALVORADA,T-040.011.846-8,title_only
clean unified,Planilha UNA.xlsx,Relatório UBEM - Canal Brasil,Alvorada,"Alcione,Cartola",ALVORADA,,title_only
clean unified,Planilha UNA.xlsx,Relatório UBEM - Canal Brasil,Perfume,Belo,PERFUME,T-305.215.262-8,title_only
clean unified,Planilha UNA.xlsx,Relatório UBEM - Canal Brasil,Momento,Não Identificado,MOMENTO,T-039.828.196-3,title_only
clean unified,Planilha UNA.xlsx,Relatório UBEM - Canal Brasil,Rosa,Não Identificado,ROSA,T-039.167.643-9,title_only
clean unified,Planilha UNA.xlsx,Relatório UBEM - Canal Brasil,Identidade,Jorge Aragao,IDENTIDADE,T-039.497.763-9,title_only
clean unified,Planilha UNA.xlsx,Relatório UBEM - Canal Brasil,Temporal,Samba 90 Graus,TEMPORAL,T-307.003.180-6,title_only
clean unified,Planilha UNA.xlsx,Relatório UBEM - Canal Brasil,Macetando,Ivete Sangalo,MACETANDO,T-318.000.000-0,title_only
clean unified,Planilha UNA.xlsx,Relatório UBEM - Canal Brasil,Vamos Fugir,Banda Lucio Mauro E Filhos,VAMOS FUGIR,T-305.415.581-2,title_only
clean unified,Planilha UNA.xlsx,Relatório UBEM - Canal Brasil,Vamos Fugir,Elenco,VAMOS FUGIR,T-305.415.581-2,title_only
clean unified,Planilha UNA.xlsx,Relatório UBEM - Canal Brasil,Brisa,"Iza,Jota Quest",BRISA,T-315.799.145-8,title_only
clean unified,Planilha UNA.xlsx,Relatório UBEM - Canal Brasil,Brisa,"Iza,Jota Quest",BRISA,T-316.180.981-6,title_only
clean unified,Planilha UNA.xlsx,Relatório UBEM - Canal Brasil,Brisa,"Iza,Jota Quest",BRISA,T-326.766.166-1,title_only
clean unified,Planilha UNA.xlsx,Relatório UBEM - Canal Brasil,Amigo,"Banda Lucio Mauro E Filhos,Elenco",AMIGO,,title_only
clean unified,Planilha UNA.xlsx,Relatório UBEM - Canal Brasil,Fetiche,Baco Exu Do Blues,FETICHE,T-316.009.896-0,title_only
clean unified,Planilha UNA.xlsx,Relatório UBEM - Canal Brasil,Mudancas,Vanusa,MUDANÇAS,T-307.298.915-8,title_only
clean unified,Planilha UNA.xlsx,Relatório UBEM - Canal Brasil,Poc Poc,Pedro Sampaio,POC POC,,title_only
clean unified,Planilha UNA.xlsx,Relatório UBEM - Canal Brasil,Aquarela,Toquinho,AQUARELA,,title_only
clean unified,Planilha UNA.xlsx,Relatório UBEM - Canal Brasil,Sereia,Lulu Santos,SEREIA,T-316.183.205-5,title_only
clean unified,Planilha UNA.xlsx,Relatório UBEM - Canal Brasil,Sereia,Lulu Santos,SEREIA,T-324.241.294-4,title_only
clean unified,Planilha UNA.xlsx,Relatório UBEM - Canal Brasil,Desafio,Anonimos,DESAFIO,T-040.453.293-9,title_only
clean unified,Planilha UNA.xlsx,Relatório UBEM - Canal Brasil,Desafio,Anonimos,DESAFIO,T-312.554.786-2,title_only
clean unified,Planilha UNA.xlsx,Relatório UBEM - Canal Brasil,Aurora Boreal,Rael,AURORA BOREAL,T-931.652.334-9,title_only
clean unified,Planilha UNA.xlsx,Relatório UBEM - Canal Brasil,Anjos,Gabz,ANJOS,T-307.003.484-9,title_only
clean unified,Planilha UNA.xlsx,Relatório UBEM - Canal Brasil,Verdade,Zeca Pagodinho,VERDADE,T-302.003.913-4,title_only
clean unified,Planilha UNA.xlsx,Relatório UBEM - Canal Brasil,Esse Cara Sou Eu,Roberto Carlos,ESSE CARA SOU EU,T-327.279.701-6,title_only
clean unified,Planilha UNA.xlsx,Relatório UBEM - Canal Brasil,Maria,Matue,MARIA,T-307.006.304-2,title_only
clean unified,Planilha UNA.xlsx,Relatório UBEM - Canal Brasil,Maria,Matue,MARIA,T-311.953.638-4,title_only
clean unified,Planilha UNA.xlsx,Relatório UBEM - Canal Brasil,Teto De Vidro,Pitty,TETO DE VIDRO,T-321.537.364-7,title_only
clean unified,Planilha UNA.xlsx,Relatório UBEM - Canal Brasil,Verdade,Zeca Pagodinho,VERDADE,T-302.003.913-4,title_only
clean unified,Planilha UNA.xlsx,Relatório UBEM - Canal Brasil,O Vento,Djavan,O VENTO,T-039.311.309-1,title_only
clean unified,Planilha UNA.xlsx,Relatório UBEM - Canal Brasil,Samurai,Djavan,SAMURAI,T-300.960.761-4,title_only
clean unified,Planilha UNA.xlsx,Relatório UBEM - Canal Brasil,Se,Djavan,SE,T-306.925.949-6,title_only
clean unified,Planilha UNA.xlsx,Relatório UBEM - Canal Brasil,Sou Eu,Ludmilla,SOU EU,T-042.615.532-9,title_only
clean unified,Planilha UNA.xlsx,Relatório UBEM - Canal Brasil,Felicidade,Fábio Jr,FELICIDADE,,title_only
clean unified,Planilha UNA.xlsx,Relatório UBEM - Canal Brasil,Fim De Ano,"Dona Jo (Catarina Abdala),Ferdinando (Marcus Majella)",FIM DE ANO,T-322.186.020-0,title_only
clean unified,Planilha UNA.xlsx,Relatório UBEM - Canal Brasil,Oracao,Leo Fressato,ORACAO,T-040.521.423-4,title_only
clean unified,Planilha UNA.xlsx,Relatório UBEM - Canal Brasil,Corda Bamba,"Ivete Sangalo,Iza",CORDA BAMBA,T-335.571.849-5,title_only
clean unified,Planilha UNA.xlsx,Relatório UBEM - Canal Brasil,Linha De Frente,Iza,LINHA DE FRENTE,T-308.636.270-7,title_only
clean unified,Planilha UNA.xlsx,Relatório UBEM - Canal Brasil,Era Uma Vez,Kell Smith,ERA UMA VEZ,,title_only
clean unified,Planilha UNA.xlsx,Relatório UBEM - Canal Brasil,Sugar,Maroon 5,SUGAR,T-039.948.077-3,title_only
clean unified,Planilha UNA.xlsx,Relatório UBEM - Canal Brasil,Fuleragem,Mc Wm,FULERAGEM,T-305.214.250-0,title_only
clean unified,Planilha UNA.xlsx,Relatório UBEM - Canal Brasil,Ouro De Tolo,Elenco,OURO DE TOLO,T-335.572.181-8,title_only
clean unified,Planilha UNA.xlsx,Relatório UBEM - Canal Brasil,Ouro De Tolo,Elenco,OURO DE TOLO,T-335.572.181-8,title_only
clean unified,Planilha UNA.xlsx,Relatório UBEM - Canal Brasil,Verdade,Zeca Pagodinho,VERDADE,T-302.003.913-4,title_only
clean unified,Planilha UNA.xlsx,Relatório UBEM - Canal Brasil,Verdade,Zeca Pagodinho,VERDADE,T-302.003.913-4,title_only
clean unified,Planilha UNA.xlsx,Relatório UBEM - Canal Brasil,Verdade,Zeca Pagodinho,VERDADE,T-302.003.913-4,title_only
clean unified,Planilha UNA.xlsx,Relatório UBEM - Canal Brasil,Ouro De Tolo,Berna Ceppas,OURO DE TOLO,T-335.572.181-8,title_only
clean unified,Planilha UNA.xlsx,Relatório UBEM - Canal Brasil,Mulheres,Martinho Da Vila,MULHERES,T-330.488.001-7,title_only
clean unified,Planilha UNA.xlsx,Relatório UBEM - Canal Brasil,Esse Cara Sou Eu,Elenco,ESSE CARA SOU EU,T-327.279.701-6,title_only
clean unified,Planilha UNA.xlsx,Relatório UBEM - Canal Brasil,Domingo,So Pra Contrariar,DOMINGO,T-307.003.485-0,title_only
clean unified,Planilha UNA.xlsx,Relatório UBEM - Canal Brasil,Domingo,So Pra Contrariar,DOMINGO,T-301.991.455-3,title_only
clean unified,Planilha UNA.xlsx,Relatório UBEM - Canal Brasil,Escandalosa,Atriz,ESCANDALOSA,T-322.010.795-5,title_only
clean unified,Planilha UNA.xlsx,Relatório UBEM - Canal Brasil,Se Joga,Elenco,SE JOGA,T-931.480.187-1,title_only
clean unified,Planilha UNA.xlsx,Relatório UBEM - Canal Brasil,Ilhabela,Holger,ILHABELA,T-301.567.022-7,title_only
clean unified,Planilha UNA.xlsx,Relatório UBEM - Canal Brasil,America,Elenco,AMERICA,T-039.497.748-0,title_only
clean unified,Planilha UNA.xlsx,Relatório UBEM - Canal Brasil,America,Elenco,AMERICA,T-039.497.748-0,title_only
clean unified,Planilha UNA.xlsx,Relatório UBEM - Canal Brasil,Santa Fe,Moraes Moreira,SANTA FE,T-306.926.950-3,title_only
clean unified,Planilha UNA.xlsx,Relatório UBEM - Canal Brasil,Banana,Virginia Lane,BANANA,T-303.113.484-2,title_only
clean unified,Planilha UNA.xlsx,Relatório UBEM - Canal Brasil,Banana,Virginia Lane,BANANA,T-303.113.484-2,title_only
clean unified,Planilha UNA.xlsx,Relatório UBEM - Canal Brasil,Copacabana,Salome Da Bahia,COPACABANA,,title_only
clean unified,Planilha UNA.xlsx,Relatório UBEM - Canal Brasil,Copacabana,Salome Da Bahia,COPACABANA,,title_only
clean unified,Planilha UNA.xlsx,Relatório UBEM - Canal Brasil,Copacabana,Salome Da Bahia,COPACABANA,,title_only
clean unified,Planilha UNA.xlsx,Relatório UBEM - Canal Brasil,Copacabana,Salome Da Bahia,COPACABANA,,title_only
clean unified,Planilha UNA.xlsx,Relatório UBEM - Canal Brasil,Copacabana,Salome Da Bahia,COPACABANA,,title_only
clean unified,Planilha UNA.xlsx,Relatório UBEM - Canal Brasil,Copacabana,Salome Da Bahia,COPACABANA,,title_only
clean unified,Planilha UNA.xlsx,Relatório UBEM - Canal Brasil,Copacabana,Rex Gildo,COPACABANA,,title_only
clean unified,Planilha UNA.xlsx,Relatório UBEM - Canal Brasil,Banho De Espuma,Elenco,BANHO DE ESPUMA,T-311.604.310-4,title_only
clean unified,Planilha UNA.xlsx,Relatório UBEM - Canal Brasil,Banho De Espuma,Elenco,BANHO DE ESPUMA,T-311.604.310-4,title_only
clean unified,Planilha UNA.xlsx,Relatório UBEM - Canal Brasil,Banho De Espuma,Elenco,BANHO DE ESPUMA,T-311.604.310-4,title_only
clean unified,Planilha UNA.xlsx,Relatório UBEM - Canal Brasil,Copacabana,Salome Da Bahia,COPACABANA,,title_only
clean unified,Planilha UNA.xlsx,Relatório UBEM - Canal Brasil,Copacabana,Salome Da Bahia,COPACABANA,,title_only
clean unified,Planilha UNA.xlsx,Relatório UBEM - Canal Brasil,Copacabana,Salome Da Bahia,COPACABANA,,title_only
clean unified,Planilha UNA.xlsx,Relatório UBEM - Canal Brasil,Copacabana,Salome Da Bahia,COPACABANA,,title_only
clean unified,Planilha UNA.xlsx,Relatório UBEM - Canal Brasil,Copacabana,Salome Da Bahia,COPACABANA,,title_only
clean unified,Planilha UNA.xlsx,Relatório UBEM - Canal Brasil,Copacabana,Salome Da Bahia,COPACABANA,,title_only
clean unified,Planilha UNA.xlsx,Relatório UBEM - Canal Brasil,Copacabana,Salome Da Bahia,COPACABANA,,title_only
clean unified,Planilha UNA.xlsx,Relatório UBEM - Canal Brasil,Copacabana,Salome Da Bahia,COPACABANA,,title_only
clean unified,Planilha UNA.xlsx,Relatório UBEM - Canal Brasil,Copacabana,Salome Da Bahia,COPACABANA,,title_only
clean unified,Planilha UNA.xlsx,Relatório UBEM - Canal Brasil,Copacabana,Rex Gildo,COPACABANA,,title_only
clean unified,Planilha UNA.xlsx,Relatório UBEM - Canal Brasil,Copacabana,Rex Gildo,COPACABANA,,title_only
clean unified,Planilha UNA.xlsx,Relatório UBEM - Canal Brasil,Copacabana,Rex Gildo,COPACABANA,,title_only
clean unified,Planilha UNA.xlsx,Relatório UBEM - Canal Brasil,Coleção,Ivete Sangalo,COLEÇÃO,T-039.611.379-3,title_only
clean unified,Planilha UNA.xlsx,Relatório UBEM - Canal Brasil,Coleção,Ivete Sangalo,COLEÇÃO,T-039.611.379-3,title_only
clean unified,Planilha UNA.xlsx,Relatório UBEM - Canal Brasil,Coleção,Ivete Sangalo,COLEÇÃO,T-039.611.379-3,title_only
clean unified,Planilha UNA.xlsx,Relatório UBEM - Canal Brasil,Coleção,Ivete Sangalo,COLEÇÃO,T-039.611.379-3,title_only
clean unified,Planilha UNA.xlsx,Relatório UBEM - Canal Brasil,Medo,"Baggios, The",MEDO,T-039.497.778-6,title_only
clean unified,Planilha UNA.xlsx,Relatório UBEM - Canal Brasil,Medo,"Baggios, The",MEDO,,title_only
clean unified,Planilha UNA.xlsx,Relatório UBEM - Canal Brasil,Medo,"Baggios, The",MEDO,T-039.497.778-6,title_only
clean unified,Planilha UNA.xlsx,Relatório UBEM - Canal Brasil,Medo,"Baggios, The",MEDO,,title_only
clean unified,Planilha UNA.xlsx,Relatório UBEM - Canal Brasil,Medo,"Baggios, The",MEDO,T-039.497.778-6,title_only
clean unified,Planilha UNA.xlsx,Relatório UBEM - Canal Brasil,Medo,"Baggios, The",MEDO,,title_only
clean unified,Planilha UNA.xlsx,Relatório UBEM - Canal Brasil,Drama,Rico Dalasam,DRAMA,T-039.662.293-7,title_only
clean unified,Planilha UNA.xlsx,Relatório UBEM - Canal Brasil,Drama,Rico Dalasam,DRAMA,T-932.546.398-7,title_only
clean unified,Planilha UNA.xlsx,Relatório UBEM - Canal Brasil,Drama,Rico Dalasam,DRAMA,T-321.537.188-9,title_only
clean unified,Planilha UNA.xlsx,Relatório UBEM - Canal Brasil,Drama,Rico Dalasam,DRAMA,T-039.662.293-7,title_only
clean unified,Planilha UNA.xlsx,Relatório UBEM - Canal Brasil,Drama,Rico Dalasam,DRAMA,T-932.546.398-7,title_only
clean unified,Planilha UNA.xlsx,Relatório UBEM - Canal Brasil,Drama,Rico Dalasam,DRAMA,T-321.537.188-9,title_only
clean unified,Planilha UNA.xlsx,Relatório UBEM - Canal Brasil,Drama,Rico Dalasam,DRAMA,T-039.662.293-7,title_only
clean unified,Planilha UNA.xlsx,Relatório UBEM - Canal Brasil,Drama,Rico Dalasam,DRAMA,T-932.546.398-7,title_only
clean unified,Planilha UNA.xlsx,Relatório UBEM - Canal Brasil,Drama,Rico Dalasam,DRAMA,T-321.537.188-9,title_only
clean unified,Planilha UNA.xlsx,Relatório UBEM - Canal Brasil,Praga,Dônica,PRAGA,T-317.818.119-2,title_only
clean unified,Planilha UNA.xlsx,Relatório UBEM - Canal Brasil,Praga,Dônica,PRAGA,T-317.818.119-2,title_only
clean unified,Planilha UNA.xlsx,Relatório UBEM - Canal Brasil,Primavera,"Francisco, El Hombre",PRIMAVERA,T-330.191.323-1,title_only
clean unified,Planilha UNA.xlsx,Relatório UBEM - Canal Brasil,Primavera,"Francisco, El Hombre",PRIMAVERA,T-040.160.962-8,title_only
clean unified,Planilha UNA.xlsx,Relatório UBEM - Canal Brasil,Primavera,"Francisco, El Hombre",PRIMAVERA,T-330.191.323-1,title_only
clean unified,Planilha UNA.xlsx,Relatório UBEM - Canal Brasil,Primavera,"Francisco, El Hombre",PRIMAVERA,T-040.160.962-8,title_only
clean unified,Planilha UNA.xlsx,Relatório UBEM - Canal Brasil,Garoa,Jota Pê,GAROA,T-040.279.889-3,title_only
clean unified,Planilha UNA.xlsx,Relatório UBEM - Canal Brasil,Garoa,Jota Pê,GAROA,T-040.279.889-3,title_only
clean unified,Planilha UNA.xlsx,Relatório UBEM - Canal Brasil,Garoa,Jota Pê,GAROA,T-040.279.889-3,title_only
clean unified,Planilha UNA.xlsx,Relatório UBEM - Canal Brasil,Jogo Da Vida,Potyguara Bardo,JOGO DA VIDA,T-306.795.376-4,title_only
clean unified,Planilha UNA.xlsx,Relatório UBEM - Canal Brasil,Jogo Da Vida,Potyguara Bardo,JOGO DA VIDA,T-306.795.376-4,title_only
clean unified,Planilha UNA.xlsx,Relatório UBEM - Canal Brasil,Jogo Da Vida,Potyguara Bardo,JOGO DA VIDA,T-306.795.376-4,title_only
clean unified,Planilha UNA.xlsx,Relatório UBEM - Canal Brasil,Sonhos,Jonathan Ferrer,SONHOS,,title_only
clean unified,Planilha UNA.xlsx,Relatório UBEM - Canal Brasil,Sonhos,Jonathan Ferrer,SONHOS,,title_only
clean unified,Planilha UNA.xlsx,Relatório UBEM - Canal Brasil,Sideral,My Magical Glowing Lens,SIDERAL,,title_only
clean unified,Planilha UNA.xlsx,Relatório UBEM - Canal Brasil,Sideral,My Magical Glowing Lens,SIDERAL,,title_only
clean unified,Planilha UNA.xlsx,Relatório UBEM - Canal Brasil,Sideral,My Magical Glowing Lens,SIDERAL,,title_only
clean unified,Planilha UNA.xlsx,Relatório UBEM - Canal Brasil,Exodus,Orquestra Voadora,EXODUS,T-932.547.418-8,title_only
clean unified,Planilha UNA.xlsx,Relatório UBEM - Canal Brasil,Primavera,"Francis Hime,Olivia Hime",PRIMAVERA,T-330.191.323-1,title_only
clean unified,Planilha UNA.xlsx,Relatório UBEM - Canal Brasil,Primavera,"Francis Hime,Olivia Hime",PRIMAVERA,T-040.160.962-8,title_only
clean unified,Planilha UNA.xlsx,Relatório UBEM - Canal Brasil,Primavera,"Francis Hime,Olivia Hime",PRIMAVERA,T-330.191.323-1,title_only
clean unified,Planilha UNA.xlsx,Relatório UBEM - Canal Brasil,Primavera,"Francis Hime,Olivia Hime",PRIMAVERA,T-040.160.962-8,title_only
clean unified,Planilha UNA.xlsx,Relatório UBEM - Canal Brasil,Primavera,"Francis Hime,Olivia Hime",PRIMAVERA,T-330.191.323-1,title_only
clean unified,Planilha UNA.xlsx,Relatório UBEM - Canal Brasil,Primavera,"Francis Hime,Olivia Hime",PRIMAVERA,T-040.160.962-8,title_only
clean unified,Planilha UNA.xlsx,Relatório UBEM - Canal Brasil,Sampa,"Dudu Nobre,Rildo Hora",SAMPA,,title_only
clean unified,Planilha UNA.xlsx,Relatório UBEM - Canal Brasil,Sampa,"Dudu Nobre,Rildo Hora",SAMPA,,title_only
clean unified,Planilha UNA.xlsx,Relatório UBEM - Canal Brasil,Verdade,Dudu Nobre,VERDADE,T-302.003.913-4,title_only
clean unified,Planilha UNA.xlsx,Relatório UBEM - Canal Brasil,Verdade,Dudu Nobre,VERDADE,T-302.003.913-4,title_only
clean unified,Planilha UNA.xlsx,Relatório UBEM - Canal Brasil,Verdade,Dudu Nobre,VERDADE,T-302.003.913-4,title_only
clean unified,Planilha UNA.xlsx,Relatório UBEM - Canal Brasil,Game Over,Avenged Sevenfold,GAME OVER,,title_only
clean unified,Planilha UNA.xlsx,Relatório UBEM - Canal Brasil,Perfume,Belo,PERFUME,T-305.215.262-8,title_only
clean unified,Planilha UNA.xlsx,Relatório UBEM - Canal Brasil,Ilusão,Filipe Ret,ILUSAO,T-040.011.902-9,title_only
clean unified,Planilha UNA.xlsx,Relatório UBEM - Canal Brasil,Ilusão,Filipe Ret,ILUSÃO,,title_only
clean unified,Planilha UNA.xlsx,Relatório UBEM - Canal Brasil,Sinais,"Luedji Luna,Tássia Reis",SINAIS,T-039.662.232-4,title_only
clean unified,Planilha UNA.xlsx,Relatório UBEM - Canal Brasil,Rosa,"Baianasystem,Olodum",ROSA,T-039.167.643-9,title_only
clean unified,Planilha UNA.xlsx,Relatório UBEM - Canal Brasil,Máscara,Pitty,MÁSCARA,,title_only
clean unified,Planilha UNA.xlsx,Relatório UBEM - Canal Brasil,Teto De Vidro,Pitty,TETO DE VIDRO,T-321.537.364-7,title_only
clean unified,Planilha UNA.xlsx,Relatório UBEM - Canal Brasil,Vermelho,Gloria Groove,VERMELHO,T-313.315.106-7,title_only
clean unified,Planilha UNA.xlsx,Relatório UBEM - Canal Brasil,Banana,Joyce Moreno,BANANA,T-303.113.484-2,title_only
clean unified,Planilha UNA.xlsx,Relatório UBEM - Canal Brasil,Banana,Joyce Moreno,BANANA,T-303.113.484-2,title_only
clean unified,Planilha UNA.xlsx,Relatório UBEM - Canal Brasil,Banana,Joyce Moreno,BANANA,T-303.113.484-2,title_only
clean unified,Planilha UNA.xlsx,Relatório UBEM - Canal Brasil,Tudo,Joyce Moreno,TUDO,T-301.718.723-0,title_only
clean unified,Planilha UNA.xlsx,Relatório UBEM - Canal Brasil,Tudo,Joyce Moreno,TUDO,T-301.718.723-0,title_only
clean unified,Planilha UNA.xlsx,Relatório UBEM - Canal Brasil,Tudo,Joyce Moreno,TUDO,T-301.718.723-0,title_only
clean unified,Planilha UNA.xlsx,Relatório UBEM - Canal Brasil,Chega,Mart'nália,CHÊGA,T-312.562.445-1,title_only
clean unified,Planilha UNA.xlsx,Relatório UBEM - Canal Brasil,Chega,Mart'nália,CHÊGA,T-312.562.445-1,title_only
clean unified,Planilha UNA.xlsx,Relatório UBEM - Canal Brasil,Chega,Mart'nália,CHÊGA,T-312.562.445-1,title_only
clean unified,Planilha UNA.xlsx,Relatório UBEM - Canal Brasil,Tudo Com Você,Lulu Santos,TUDO COM VOCE,T-039.134.796-8,title_only
clean unified,Planilha UNA.xlsx,Relatório UBEM - Canal Brasil,Tudo Com Você,Lulu Santos,TUDO COM VOCE,T-039.134.796-8,title_only
clean unified,Planilha UNA.xlsx,Relatório UBEM - Canal Brasil,Tudo Com Você,Lulu Santos,TUDO COM VOCE,T-039.134.796-8,title_only
clean unified,Planilha UNA.xlsx,Relatório UBEM - Canal Brasil,Tudo Com Você,Lulu Santos,TUDO COM VOCE,T-039.134.796-8,title_only
clean unified,Planilha UNA.xlsx,Relatório UBEM - Canal Brasil,Aqui,Ana Carolina,AQUI,T-039.298.063-0,title_only
clean unified,Planilha UNA.xlsx,Relatório UBEM - Canal Brasil,Aqui,Ana Carolina,AQUI,T-039.298.063-0,title_only
clean unified,Planilha UNA.xlsx,Relatório UBEM - Canal Brasil,Aqui,Ana Carolina,AQUI,T-039.298.063-0,title_only
clean unified,Planilha UNA.xlsx,Relatório UBEM - Canal Brasil,Confesso,Ana Carolina,CONFESSO,T-324.068.646-4,title_only
clean unified,Planilha UNA.xlsx,Relatório UBEM - Canal Brasil,Confesso,Ana Carolina,CONFESSO,T-324.068.646-4,title_only
clean unified,Planilha UNA.xlsx,Relatório UBEM - Canal Brasil,Confesso,Ana Carolina,CONFESSO,T-324.068.646-4,title_only
clean unified,Planilha UNA.xlsx,Relatório UBEM - Canal Brasil,Tolerância,Ana Carolina,TOLERÂNCIA,T-317.839.732-1,title_only
clean unified,Planilha UNA.xlsx,Relatório UBEM - Canal Brasil,Tolerância,Ana Carolina,TOLERÂNCIA,T-317.839.732-1,title_only
clean unified,Planilha UNA.xlsx,Relatório UBEM - Canal Brasil,Tolerância,Ana Carolina,TOLERÂNCIA,T-317.839.732-1,title_only
clean unified,Planilha UNA.xlsx,Relatório UBEM - Canal Brasil,Sampa,"Caetano Veloso,Gilberto Gil",SAMPA,,title_only
clean unified,Planilha UNA.xlsx,Relatório UBEM - Canal Brasil,Sampa,"Caetano Veloso,Gilberto Gil",SAMPA,,title_only
clean unified,Planilha UNA.xlsx,Relatório UBEM - Canal Brasil,Sampa,"Caetano Veloso,Gilberto Gil",SAMPA,,title_only
clean unified,Planilha UNA.xlsx,Relatório UBEM - Canal Brasil,Miragem,Ivete Sangalo,MIRAGEM,T-305.619.017-7,title_only
clean unified,Planilha UNA.xlsx,Relatório UBEM - Canal Brasil,Miragem,Ivete Sangalo,MIRAGEM,,title_only
clean unified,Planilha UNA.xlsx,Relatório UBEM - Canal Brasil,Miragem,Ivete Sangalo,MIRAGEM,T-305.619.017-7,title_only
clean unified,Planilha UNA.xlsx,Relatório UBEM - Canal Brasil,Miragem,Ivete Sangalo,MIRAGEM,,title_only
clean unified,Planilha UNA.xlsx,Relatório UBEM - Canal Brasil,Miragem,Ivete Sangalo,MIRAGEM,T-305.619.017-7,title_only
clean unified,Planilha UNA.xlsx,Relatório UBEM - Canal Brasil,Miragem,Ivete Sangalo,MIRAGEM,,title_only
clean unified,Planilha UNA.xlsx,Relatório UBEM - Canal Brasil,Insônia,Rita Lee,INSÔNIA,T-040.280.608-9,title_only
clean unified,Planilha UNA.xlsx,Relatório UBEM - Canal Brasil,Se Manca,Rita Lee,SE MANCA,T-040.136.004-0,title_only
clean unified,Planilha UNA.xlsx,Relatório UBEM - Canal Brasil,Mãe,Chico Chico,MÃE,T-306.800.395-8,title_only
clean unified,Planilha UNA.xlsx,Relatório UBEM - Canal Brasil,Mãe,Chico Chico,MÃE,,title_only
clean unified,Planilha UNA.xlsx,Relatório UBEM - Canal Brasil,Mãe,Chico Chico,MÃE,T-306.800.395-8,title_only
clean unified,Planilha UNA.xlsx,Relatório UBEM - Canal Brasil,Mãe,Chico Chico,MÃE,,title_only
clean unified,Planilha UNA.xlsx,Relatório UBEM - Canal Brasil,Mãe,Chico Chico,MÃE,T-306.800.395-8,title_only
clean unified,Planilha UNA.xlsx,Relatório UBEM - Canal Brasil,Mãe,Chico Chico,MÃE,,title_only
clean unified,Planilha UNA.xlsx,Relatório UBEM - Canal Brasil,Gratidão,L7nnon,GRATIDÃO,T-305.217.523-8,title_only
clean unified,Planilha UNA.xlsx,Relatório UBEM - Canal Brasil,Gratidão,L7nnon,GRATIDÃO,T-305.217.523-8,title_only
clean unified,Planilha UNA.xlsx,Relatório UBEM - Canal Brasil,Penumbra,"Djonga,Rapaz Do Dread,Sarah Guedes",PENUMBRA,T-040.011.904-1,title_only
clean unified,Planilha UNA.xlsx,Relatório UBEM - Canal Brasil,Selvagem,Fábio Sina,SELVAGEM,T-304.714.892-1,title_only
clean unified,Planilha UNA.xlsx,Relatório UBEM - Canal Brasil,Selvagem,Fábio Sina,SELVAGEM,T-304.714.892-1,title_only
clean unified,Planilha UNA.xlsx,Relatório UBEM - Canal Brasil,Selvagem,Fábio Sina,SELVAGEM,T-304.714.892-1,title_only
clean unified,Planilha UNA.xlsx,Relatório UBEM - Canal Brasil,Do Zero,"Nagalli,Tz Da Coronel,Yunk Vino",DO ZERO,T-039.758.508-8,title_only
clean unified,Planilha UNA.xlsx,Relatório UBEM - Canal Brasil,Do Zero,"Nagalli,Tz Da Coronel,Yunk Vino",DO ZERO,T-039.758.508-8,title_only
clean unified,Planilha UNA.xlsx,Relatório UBEM - Canal Brasil,Do Zero,"Nagalli,Tz Da Coronel,Yunk Vino",DO ZERO,T-039.758.508-8,title_only
clean unified,Planilha UNA.xlsx,Relatório UBEM - Canal Brasil,Teto De Vidro,Pitty,TETO DE VIDRO,T-321.537.364-7,title_only
clean unified,Planilha UNA.xlsx,Relatório UBEM - Canal Brasil,Teto De Vidro,Pitty,TETO DE VIDRO,T-321.537.364-7,title_only
clean unified,Planilha UNA.xlsx,Relatório UBEM - Canal Brasil,Teto De Vidro,Pitty,TETO DE VIDRO,T-321.537.364-7,title_only
clean unified,Planilha UNA.xlsx,Relatório UBEM - Canal Brasil,Na Estrada,"Nando Reis,Péricles",NA ESTRADA,T-039.298.060-7,title_only
clean unified,Planilha UNA.xlsx,Relatório UBEM - Canal Brasil,Na Estrada,"Nando Reis,Péricles",NA ESTRADA,T-040.035.482-6,title_only
clean unified,Planilha UNA.xlsx,Relatório UBEM - Canal Brasil,Na Estrada,"Nando Reis,Péricles",NA ESTRADA,T-039.298.060-7,title_only
clean unified,Planilha UNA.xlsx,Relatório UBEM - Canal Brasil,Na Estrada,"Nando Reis,Péricles",NA ESTRADA,T-040.035.482-6,title_only
clean unified,Planilha UNA.xlsx,Relatório UBEM - Canal Brasil,Temporal,Bruna Mendez,TEMPORAL,T-307.003.180-6,title_only
clean unified,Planilha UNA.xlsx,Relatório UBEM - Canal Brasil,Temporal,Bruna Mendez,TEMPORAL,T-307.003.180-6,title_only
clean unified,Planilha UNA.xlsx,Relatório UBEM - Canal Brasil,Temporal,Bruna Mendez,TEMPORAL,T-307.003.180-6,title_only
clean unified,Planilha UNA.xlsx,Relatório UBEM - Canal Brasil,Nocaute,"Monic, The",NOCAUTE,T-317.794.059-5,title_only
clean unified,Planilha UNA.xlsx,Relatório UBEM - Canal Brasil,Nocaute,"Monic, The",NOCAUTE,T-317.794.059-5,title_only
clean unified,Planilha UNA.xlsx,Relatório UBEM - Canal Brasil,Nocaute,"Monic, The",NOCAUTE,T-317.794.059-5,title_only
clean unified,Planilha UNA.xlsx,Relatório UBEM - Canal Brasil,Recaída,"Jon Jon,Kevin O Chris",RECAÍDA,T-322.528.884-2,title_only
clean unified,Planilha UNA.xlsx,Relatório UBEM - Canal Brasil,Recaída,"Jon Jon,Kevin O Chris",RECAÍDA,T-322.528.884-2,title_only
clean unified,Planilha UNA.xlsx,Relatório UBEM - Canal Brasil,Recaída,"Jon Jon,Kevin O Chris",RECAÍDA,T-322.528.884-2,title_only
clean unified,Planilha UNA.xlsx,Relatório UBEM - Canal Brasil,Recaída,"Jon Jon,Kevin O Chris",RECAÍDA,T-322.528.884-2,title_only
clean unified,Planilha UNA.xlsx,Relatório UBEM - Canal Brasil,Recaída,"Jon Jon,Kevin O Chris",RECAÍDA,T-322.528.884-2,title_only
clean unified,Planilha UNA.xlsx,Relatório UBEM - Canal Brasil,Recaída,"Jon Jon,Kevin O Chris",RECAÍDA,T-322.528.884-2,title_only
clean unified,Planilha UNA.xlsx,Relatório UBEM - Canal Brasil,Se Foi,Aninha Portal,SE FOI,T-039.497.697-6,title_only
clean unified,Planilha UNA.xlsx,Relatório UBEM - Canal Brasil,Se Foi,Aninha Portal,SE FOI,T-039.497.697-6,title_only
clean unified,Planilha UNA.xlsx,Relatório UBEM - Canal Brasil,Se Foi,Aninha Portal,SE FOI,T-039.497.697-6,title_only
clean unified,Planilha UNA.xlsx,Relatório UBEM - Canal Brasil,Proposta,Pepê,PROPOSTA,T-313.413.810-2,title_only
clean unified,Planilha UNA.xlsx,Relatório UBEM - Canal Brasil,Proposta,Pepê,PROPOSTA,T-313.413.810-2,title_only
clean unified,Planilha UNA.xlsx,Relatório UBEM - Canal Brasil,Proposta,Pepê,PROPOSTA,T-313.413.810-2,title_only
clean unified,Planilha UNA.xlsx,Relatório UBEM - Canal Brasil,Segredo,Ana Gabriela,SEGREDO,T-039.611.383-9,title_only
clean unified,Planilha UNA.xlsx,Relatório UBEM - Canal Brasil,Segredo,Ana Gabriela,SEGREDO,T-039.611.383-9,title_only
clean unified,Planilha UNA.xlsx,Relatório UBEM - Canal Brasil,Segredo,Ana Gabriela,SEGREDO,T-039.611.383-9,title_only
clean unified,Planilha UNA.xlsx,Relatório UBEM - Canal Brasil,Saudade,Lauana Prado,SAUDADE,T-306.509.964-7,title_only
clean unified,Planilha UNA.xlsx,Relatório UBEM - Canal Brasil,Saudade,Lauana Prado,SAUDADE,T-039.751.632-3,title_only
clean unified,Planilha UNA.xlsx,Relatório UBEM - Canal Brasil,Saudade,Lauana Prado,SAUDADE,,title_only
clean unified,Planilha UNA.xlsx,Relatório UBEM - Canal Brasil,Saudade,Lauana Prado,SAUDADE,T-305.264.938-0,title_only
clean unified,Planilha UNA.xlsx,Relatório UBEM - Canal Brasil,Saudade,Lauana Prado,SAUDADE,T-306.509.964-7,title_only
clean unified,Planilha UNA.xlsx,Relatório UBEM - Canal Brasil,Saudade,Lauana Prado,SAUDADE,T-039.751.632-3,title_only
clean unified,Planilha UNA.xlsx,Relatório UBEM - Canal Brasil,Saudade,Lauana Prado,SAUDADE,,title_only
clean unified,Planilha UNA.xlsx,Relatório UBEM - Canal Brasil,Saudade,Lauana Prado,SAUDADE,T-305.264.938-0,title_only
clean unified,Planilha UNA.xlsx,Relatório UBEM - Canal Brasil,Saudade,Lauana Prado,SAUDADE,T-306.509.964-7,title_only
clean unified,Planilha UNA.xlsx,Relatório UBEM - Canal Brasil,Saudade,Lauana Prado,SAUDADE,T-039.751.632-3,title_only
clean unified,Planilha UNA.xlsx,Relatório UBEM - Canal Brasil,Saudade,Lauana Prado,SAUDADE,,title_only
clean unified,Planilha UNA.xlsx,Relatório UBEM - Canal Brasil,Saudade,Lauana Prado,SAUDADE,T-305.264.938-0,title_only
clean unified,Planilha UNA.xlsx,Relatório UBEM - Canal Brasil,Mangue,Guaiamoons,MANGUE,T-335.394.313-8,title_only
clean unified,Planilha UNA.xlsx,Relatório UBEM - Canal Brasil,Mangue,Guaiamoons,MANGUE,T-335.394.313-8,title_only
clean unified,Planilha UNA.xlsx,Relatório UBEM - Canal Brasil,Mangue,Guaiamoons,MANGUE,T-335.394.313-8,title_only
clean unified,Planilha UNA.xlsx,Relatório UBEM - Canal Brasil,Cuidado,Eloysa,CUIDADO,T-317.794.225-1,title_only
clean unified,Planilha UNA.xlsx,Relatório UBEM - Canal Brasil,Cuidado,Eloysa,CUIDADO,,title_only
clean unified,Planilha UNA.xlsx,Relatório UBEM - Canal Brasil,Cuidado,Eloysa,CUIDADO,T-317.794.225-1,title_only
clean unified,Planilha UNA.xlsx,Relatório UBEM - Canal Brasil,Cuidado,Eloysa,CUIDADO,,title_only
clean unified,Planilha UNA.xlsx,Relatório UBEM - Canal Brasil,Cuidado,Eloysa,CUIDADO,T-317.794.225-1,title_only
clean unified,Planilha UNA.xlsx,Relatório UBEM - Canal Brasil,Cuidado,Eloysa,CUIDADO,,title_only
clean unified,Planilha UNA.xlsx,Relatório UBEM - Canal Brasil,Vendavais,Ave Sangria,VENDAVAIS,T-040.396.849-9,title_only
clean unified,Planilha UNA.xlsx,Relatório UBEM - Canal Brasil,Vendavais,Ave Sangria,VENDAVAIS,T-040.396.849-9,title_only
clean unified,Planilha UNA.xlsx,Relatório UBEM - Canal Brasil,Vendavais,Ave Sangria,VENDAVAIS,T-040.396.849-9,title_only
clean unified,Planilha UNA.xlsx,Relatório UBEM - Canal Brasil,Tamo Junto,"Carlinhos Brown,Lexa",TAMO JUNTO,,title_only
clean unified,Planilha UNA.xlsx,Relatório UBEM - Canal Brasil,Tamo Junto,"Carlinhos Brown,Lexa",TAMO JUNTO,,title_only
clean unified,Planilha UNA.xlsx,Relatório UBEM - Canal Brasil,Tamo Junto,"Carlinhos Brown,Lexa",TAMO JUNTO,,title_only
clean unified,Planilha UNA.xlsx,Relatório UBEM - Canal Brasil,Saudade,Breno Miranda,SAUDADE,T-306.509.964-7,title_only
clean unified,Planilha UNA.xlsx,Relatório UBEM - Canal Brasil,Saudade,Breno Miranda,SAUDADE,T-039.751.632-3,title_only
clean unified,Planilha UNA.xlsx,Relatório UBEM - Canal Brasil,Saudade,Breno Miranda,SAUDADE,,title_only
clean unified,Planilha UNA.xlsx,Relatório UBEM - Canal Brasil,Saudade,Breno Miranda,SAUDADE,T-305.264.938-0,title_only
clean unified,Planilha UNA.xlsx,Relatório UBEM - Canal Brasil,Saudade,Breno Miranda,SAUDADE,T-306.509.964-7,title_only
clean unified,Planilha UNA.xlsx,Relatório UBEM - Canal Brasil,Saudade,Breno Miranda,SAUDADE,T-039.751.632-3,title_only
clean unified,Planilha UNA.xlsx,Relatório UBEM - Canal Brasil,Saudade,Breno Miranda,SAUDADE,,title_only
clean unified,Planilha UNA.xlsx,Relatório UBEM - Canal Brasil,Saudade,Breno Miranda,SAUDADE,T-305.264.938-0,title_only
clean unified,Planilha UNA.xlsx,Relatório UBEM - Canal Brasil,Saudade,Breno Miranda,SAUDADE,T-306.509.964-7,title_only
clean unified,Planilha UNA.xlsx,Relatório UBEM - Canal Brasil,Saudade,Breno Miranda,SAUDADE,T-039.751.632-3,title_only
clean unified,Planilha UNA.xlsx,Relatório UBEM - Canal Brasil,Saudade,Breno Miranda,SAUDADE,,title_only
clean unified,Planilha UNA.xlsx,Relatório UBEM - Canal Brasil,Saudade,Breno Miranda,SAUDADE,T-305.264.938-0,title_only
clean unified,Planilha UNA.xlsx,Relatório UBEM - Canal Brasil,Luz,"Breno Miranda,Koalla",LUZ,T-040.285.617-0,title_only
clean unified,Planilha UNA.xlsx,Relatório UBEM - Canal Brasil,Luz,"Breno Miranda,Koalla",LUZ,,title_only
clean unified,Planilha UNA.xlsx,Relatório UBEM - Canal Brasil,Luz,"Breno Miranda,Koalla",LUZ,T-040.279.887-1,title_only
clean unified,Planilha UNA.xlsx,Relatório UBEM - Canal Brasil,Luz,"Breno Miranda,Koalla",LUZ,T-040.285.617-0,title_only
clean unified,Planilha UNA.xlsx,Relatório UBEM - Canal Brasil,Luz,"Breno Miranda,Koalla",LUZ,,title_only
clean unified,Planilha UNA.xlsx,Relatório UBEM - Canal Brasil,Luz,"Breno Miranda,Koalla",LUZ,T-040.279.887-1,title_only
clean unified,Planilha UNA.xlsx,Relatório UBEM - Canal Brasil,Luz,"Breno Miranda,Koalla",LUZ,T-040.285.617-0,title_only
clean unified,Planilha UNA.xlsx,Relatório UBEM - Canal Brasil,Luz,"Breno Miranda,Koalla",LUZ,,title_only
clean unified,Planilha UNA.xlsx,Relatório UBEM - Canal Brasil,Luz,"Breno Miranda,Koalla",LUZ,T-040.279.887-1,title_only
clean unified,Planilha UNA.xlsx,Relatório UBEM - Canal Brasil,Carolina,Seu Jorge,CAROLINA,,title_only
clean unified,Planilha UNA.xlsx,Relatório UBEM - Canal Brasil,Carcará,Otto,CARCARA,T-040.347.911-7,title_only
clean unified,Planilha UNA.xlsx,Relatório UBEM - Canal Brasil,Carcará,Otto,CARCARÁ,T-308.468.519-4,title_only
clean unified,Planilha UNA.xlsx,Relatório UBEM - Canal Brasil,Namora Comigo,Moska,NAMORA COMIGO,T-317.623.017-0,title_only
clean unified,Planilha UNA.xlsx,Relatório UBEM - Canal Brasil,Namora Comigo,Moska,NAMORA COMIGO,T-317.623.017-0,title_only
clean unified,Planilha UNA.xlsx,Relatório UBEM - Canal Brasil,Caos,Titãs,CAOS,T-039.593.535-9,title_only
clean unified,Planilha UNA.xlsx,Relatório UBEM - Canal Brasil,Caos,Titãs,CAOS,T-322.966.870-2,title_only
clean unified,Planilha UNA.xlsx,Relatório UBEM - Canal Brasil,Caos,Titãs,CAOS,T-335.571.856-4,title_only
clean unified,Planilha UNA.xlsx,Relatório UBEM - Canal Brasil,Caos,Titãs,CAOS,T-039.593.535-9,title_only
clean unified,Planilha UNA.xlsx,Relatório UBEM - Canal Brasil,Caos,Titãs,CAOS,T-322.966.870-2,title_only
clean unified,Planilha UNA.xlsx,Relatório UBEM - Canal Brasil,Caos,Titãs,CAOS,T-335.571.856-4,title_only
clean unified,Planilha UNA.xlsx,Relatório UBEM - Canal Brasil,Era Uma Vez,Gloria Groove,ERA UMA VEZ,,title_only
clean unified,Planilha UNA.xlsx,Relatório UBEM - Canal Brasil,Era Uma Vez,Gloria Groove,ERA UMA VEZ,,title_only
clean unified,Planilha UNA.xlsx,Relatório UBEM - Canal Brasil,Imortal,Gloria Groove,IMORTAL,T-307.118.165-8,title_only
clean unified,Planilha UNA.xlsx,Relatório UBEM - Canal Brasil,Imortal,Gloria Groove,IMORTAL,T-307.118.165-8,title_only
clean unified,Planilha UNA.xlsx,Relatório UBEM - Canal Brasil,Samurai,Thiaguinho,SAMURAI,T-300.960.761-4,title_only
clean unified,Planilha UNA.xlsx,Relatório UBEM - Canal Brasil,Se,Thiaguinho,SE,T-306.925.949-6,title_only
clean unified,Planilha UNA.xlsx,Relatório UBEM - Canal Brasil,Identidade,Jorge Aragão,IDENTIDADE,T-039.497.763-9,title_only
clean unified,Planilha UNA.xlsx,Relatório UBEM - Canal Brasil,Identidade,Jorge Aragão,IDENTIDADE,T-039.497.763-9,title_only
clean unified,Planilha UNA.xlsx,Relatório UBEM - Canal Brasil,Identidade,Jorge Aragão,IDENTIDADE,T-039.497.763-9,title_only
clean unified,Planilha UNA.xlsx,Relatório UBEM - Canal Brasil,Identidade,Jorge Aragão,IDENTIDADE,T-039.497.763-9,title_only
clean unified,Planilha UNA.xlsx,Relatório UBEM - Canal Brasil,Aurora Boreal,Rael,AURORA BOREAL,T-931.652.334-9,title_only
clean unified,Planilha UNA.xlsx,Relatório UBEM - Canal Brasil,Verdade,Zeca Pagodinho,VERDADE,T-302.003.913-4,title_only
clean unified,Planilha UNA.xlsx,Relatório UBEM - Canal Brasil,Maria,Roberta Miranda,MARIA,T-307.006.304-2,title_only
clean unified,Planilha UNA.xlsx,Relatório UBEM - Canal Brasil,Maria,Roberta Miranda,MARIA,T-311.953.638-4,title_only
clean unified,Planilha UNA.xlsx,Relatório UBEM - Canal Brasil,Maria,Roberta Miranda,MARIA,T-307.006.304-2,title_only
clean unified,Planilha UNA.xlsx,Relatório UBEM - Canal Brasil,Maria,Roberta Miranda,MARIA,T-311.953.638-4,title_only
clean unified,Planilha UNA.xlsx,Relatório UBEM - Canal Brasil,Maria,Roberta Miranda,MARIA,T-307.006.304-2,title_only
clean unified,Planilha UNA.xlsx,Relatório UBEM - Canal Brasil,Maria,Roberta Miranda,MARIA,T-311.953.638-4,title_only
clean unified,Planilha UNA.xlsx,Relatório UBEM - Canal Brasil,Maria,Roberta Miranda,MARIA,T-307.006.304-2,title_only
clean unified,Planilha UNA.xlsx,Relatório UBEM - Canal Brasil,Maria,Roberta Miranda,MARIA,T-311.953.638-4,title_only
clean unified,Planilha UNA.xlsx,Relatório UBEM - Canal Brasil,Maria,Roberta Miranda,MARIA,T-307.006.304-2,title_only
clean unified,Planilha UNA.xlsx,Relatório UBEM - Canal Brasil,Maria,Roberta Miranda,MARIA,T-311.953.638-4,title_only
clean unified,Planilha UNA.xlsx,Relatório UBEM - Canal Brasil,Travessia,Milton Nascimento,TRAVESSIA,T-313.642.509-3,title_only
clean unified,Planilha UNA.xlsx,Relatório UBEM - Canal Brasil,Travessia,Milton Nascimento,TRAVESSIA,T-313.642.509-3,title_only
clean unified,Planilha UNA.xlsx,Relatório UBEM - Canal Brasil,Travessia,Milton Nascimento,TRAVESSIA,T-313.642.509-3,title_only
clean unified,Planilha UNA.xlsx,Relatório UBEM - Canal Brasil,Travessia,Milton Nascimento,TRAVESSIA,T-313.642.509-3,title_only
clean unified,Planilha UNA.xlsx,Relatório UBEM - Canal Brasil,Travessia,Milton Nascimento,TRAVESSIA,T-313.642.509-3,title_only
clean unified,Planilha UNA.xlsx,Relatório UBEM - Canal Brasil,Andarilho,Majur,ANDARILHO,T-330.191.305-9,title_only
clean unified,Planilha UNA.xlsx,Relatório UBEM - Canal Brasil,Andarilho,Majur,ANDARILHO,T-330.191.305-9,title_only
clean unified,Planilha UNA.xlsx,Relatório UBEM - Canal Brasil,Andarilho,Majur,ANDARILHO,T-330.191.305-9,title_only
clean unified,Planilha UNA.xlsx,Relatório UBEM - Canal Brasil,Andarilho,Majur,ANDARILHO,T-330.191.305-9,title_only
clean unified,Planilha UNA.xlsx,Relatório UBEM - Canal Brasil,Andarilho,Majur,ANDARILHO,T-330.191.305-9,title_only
clean unified,Planilha UNA.xlsx,Relatório UBEM - Canal Brasil,Andarilho,Majur,ANDARILHO,T-330.191.305-9,title_only
clean unified,Planilha UNA.xlsx,Relatório UBEM - Canal Brasil,Coisas Que Eu Sei,Majur,COISAS QUE EU SEI,T-042.615.531-8,title_only
clean unified,Planilha UNA.xlsx,Relatório UBEM - Canal Brasil,Coisas Que Eu Sei,Majur,COISAS QUE EU SEI,T-042.615.531-8,title_only
clean unified,Planilha UNA.xlsx,Relatório UBEM - Canal Brasil,Coisas Que Eu Sei,Majur,COISAS QUE EU SEI,T-042.615.531-8,title_only
clean unified,Planilha UNA.xlsx,Relatório UBEM - Canal Brasil,Coisas Que Eu Sei,Majur,COISAS QUE EU SEI,T-042.615.531-8,title_only
clean unified,Planilha UNA.xlsx,Relatório UBEM - Canal Brasil,Coisas Que Eu Sei,Majur,COISAS QUE EU SEI,T-042.615.531-8,title_only
clean unified,Planilha UNA.xlsx,Relatório UBEM - Canal Brasil,Coisas Que Eu Sei,Majur,COISAS QUE EU SEI,T-042.615.531-8,title_only
clean unified,Planilha UNA.xlsx,Relatório UBEM - Canal Brasil,Vencedor,Calcinha Preta,VENCEDOR,T-313.263.562-8,title_only
clean unified,Planilha UNA.xlsx,Relatório UBEM - Canal Brasil,Vencedor,Calcinha Preta,VENCEDOR,T-313.263.562-8,title_only
clean unified,Planilha UNA.xlsx,Relatório UBEM - Canal Brasil,Vencedor,Calcinha Preta,VENCEDOR,T-313.263.562-8,title_only
clean unified,Planilha UNA.xlsx,Relatório UBEM - Canal Brasil,Sebastiana,Luiz Gonzaga,SEBASTIANA,,title_only
clean unified,Planilha UNA.xlsx,Relatório UBEM - Canal Brasil,Ô Sorte,Mosquito,Ô SORTE,T-305.413.482-2,title_only
clean unified,Planilha UNA.xlsx,Relatório UBEM - Canal Brasil,Ô Sorte,Mosquito,Ô SORTE,T-305.413.482-2,title_only
clean unified,Planilha UNA.xlsx,Relatório UBEM - Canal Brasil,Ô Sorte,Mosquito,Ô SORTE,T-305.413.482-2,title_only
clean unified,Planilha UNA.xlsx,Relatório UBEM - Canal Brasil,Fetiche,Baco Exu Do Blues,FETICHE,T-316.009.896-0,title_only
clean unified,Planilha UNA.xlsx,Relatório UBEM - Canal Brasil,Call Me,St. Paul And The Broken Bones,CALL ME,T-327.279.638-6,title_only
clean unified,Planilha UNA.xlsx,Relatório UBEM - Canal Brasil,Call Me,St. Paul And The Broken Bones,CALL ME,T-327.279.638-6,title_only
clean unified,Planilha UNA.xlsx,Relatório UBEM - Canal Brasil,Ela,Gilberto Gil,ELA,T-322.696.235-8,title_only
clean unified,Planilha UNA.xlsx,Relatório UBEM - Canal Brasil,Ela,Gilberto Gil,ELA,T-322.696.235-8,title_only
clean unified,Planilha UNA.xlsx,Relatório UBEM - Canal Brasil,Aquarela,Toquinho,AQUARELA,,title_only
clean unified,Planilha UNA.xlsx,Relatório UBEM - Canal Brasil,Verdade,Evaldo Macarrão,VERDADE,T-302.003.913-4,title_only
clean unified,Planilha UNA.xlsx,Relatório UBEM - Canal Brasil,Beijinho No Ombro,Gabriela Prioli,BEIJINHO NO OMBRO,T-311.569.064-3,title_only
clean unified,Planilha UNA.xlsx,Relatório UBEM - Canal Brasil,Beijinho No Ombro,Gabriela Prioli,BEIJINHO NO OMBRO,T-311.569.064-3,title_only
clean unified,Planilha UNA.xlsx,Relatório UBEM - Canal Brasil,Felicidade,Seu Jorge,FELICIDADE,,title_only
clean unified,Planilha UNA.xlsx,Relatório UBEM - Canal Brasil,Felicidade,Seu Jorge,FELICIDADE,,title_only
clean unified,Planilha UNA.xlsx,Relatório UBEM - Canal Brasil,Felicidade,Seu Jorge,FELICIDADE,,title_only
clean unified,Planilha UNA.xlsx,Relatório UBEM - Canal Brasil,Felicidade,Seu Jorge,FELICIDADE,,title_only
clean unified,Planilha UNA.xlsx,Relatório UBEM - Canal Brasil,Dança Do Pombo,Mc Faisca,DANÇA DO POMBO,T-315.906.851-2,title_only
clean unified,Planilha UNA.xlsx,Relatório UBEM - Canal Brasil,Volte Sempre,Nina Becker,VOLTE SEMPRE,T-321.150.594-7,title_only
clean unified,Planilha UNA.xlsx,Relatório UBEM - Canal Brasil,Volte Sempre,Nina Becker,VOLTE SEMPRE,T-321.150.594-7,title_only
clean unified,Planilha UNA.xlsx,Relatório UBEM - Canal Brasil,Volte Sempre,Nina Becker,VOLTE SEMPRE,T-321.150.594-7,title_only
clean unified,Planilha UNA.xlsx,Relatório UBEM - Canal Brasil,Chocolate,Tim Maia,CHOCOLATE,T-322.528.891-1,title_only
clean unified,Planilha UNA.xlsx,Relatório UBEM - Canal Brasil,Chocolate,Fat Family,CHOCOLATE,T-322.528.891-1,title_only
clean unified,Planilha UNA.xlsx,Relatório UBEM - Canal Brasil,Alienação,Ilê Aiyê,ALIENACAO,T-039.748.715-8,title_only
clean unified,Planilha UNA.xlsx,Relatório UBEM - Canal Brasil,Identidade,Jorge Aragão,IDENTIDADE,T-039.497.763-9,title_only
clean unified,Planilha UNA.xlsx,Relatório UBEM - Canal Brasil,Sou Favela,Léo Santana,SOU FAVELA,T-329.651.842-4,title_only
clean unified,Planilha UNA.xlsx,Relatório UBEM - Canal Brasil,Bandida,Melly,BANDIDA,,title_only
clean unified,Planilha UNA.xlsx,Relatório UBEM - Canal Brasil,Bandida,Melly,BANDIDA,T-313.263.400-1,title_only
clean unified,Planilha UNA.xlsx,Relatório UBEM - Canal Brasil,Cacau,Melly,CACAU,,title_only
clean unified,Planilha UNA.xlsx,Relatório UBEM - Canal Brasil,Falar De Amor,Melly,FALAR DE AMOR,,title_only
clean unified,Planilha UNA.xlsx,Relatório UBEM - Canal Brasil,Paraíso,Melly,PARAISO,T-301.576.907-6,title_only
clean unified,Planilha UNA.xlsx,Relatório UBEM - Canal Brasil,Paraíso,Melly,PARAISO,T-304.308.878-0,title_only
clean unified,Planilha UNA.xlsx,Relatório UBEM - Canal Brasil,Desafio,"Belo,Fofão,Negao Da Serrinha",DESAFIO,T-040.453.293-9,title_only
clean unified,Planilha UNA.xlsx,Relatório UBEM - Canal Brasil,Desafio,"Belo,Fofão,Negao Da Serrinha",DESAFIO,T-312.554.786-2,title_only
clean unified,Planilha UNA.xlsx,Relatório UBEM - Canal Brasil,Perfume,Belo,PERFUME,T-305.215.262-8,title_only
clean unified,Planilha UNA.xlsx,Relatório UBEM - Canal Brasil,Tudo Passa,Adryana Ribeiro,TUDO PASSA,T-040.070.521-6,title_only
clean unified,Planilha UNA.xlsx,Relatório UBEM - Canal Brasil,Tudo Passa,Adryana Ribeiro,TUDO PASSA,T-040.070.521-6,title_only
clean unified,Planilha UNA.xlsx,Relatório UBEM - Canal Brasil,Fogueira,Hugo & Guilherme,FOGUEIRA,,title_only
clean unified,Planilha UNA.xlsx,Relatório UBEM - Canal Brasil,Mágica,Hugo & Guilherme,MÁGICA,T-307.416.503-6,title_only
clean unified,Planilha UNA.xlsx,Relatório UBEM - Canal Brasil,Treme Treme,Hugo & Guilherme,TREME TREME,,title_only
clean unified,Planilha UNA.xlsx,Relatório UBEM - Canal Brasil,Sentadão,Antônio Fagundes,SENTADÃO,T-303.014.916-3,title_only
clean unified,Planilha UNA.xlsx,Relatório UBEM - Canal Brasil,Sentadão,Antônio Fagundes,SENTADÃO,T-304.715.440-1,title_only
clean unified,Planilha UNA.xlsx,Relatório UBEM - Canal Brasil,Sentadão,Antônio Fagundes,SENTADÃO,T-325.955.974-1,title_only
clean unified,Planilha UNA.xlsx,Relatório UBEM - Canal Brasil,Sentadão,Antônio Fagundes,SENTADÃO,T-303.014.916-3,title_only
clean unified,Planilha UNA.xlsx,Relatório UBEM - Canal Brasil,Sentadão,Antônio Fagundes,SENTADÃO,T-304.715.440-1,title_only
clean unified,Planilha UNA.xlsx,Relatório UBEM - Canal Brasil,Sentadão,Antônio Fagundes,SENTADÃO,T-325.955.974-1,title_only
clean unified,Planilha UNA.xlsx,Relatório UBEM - Canal Brasil,Macetando,"Banda Lady Night,Ivete Sangalo",MACETANDO,T-318.000.000-0,title_only
clean unified,Planilha UNA.xlsx,Relatório UBEM - Canal Brasil,Macetando,"Banda Lady Night,Ivete Sangalo",MACETANDO,T-318.000.000-0,title_only
clean unified,Planilha UNA.xlsx,Relatório UBEM - Canal Brasil,Macetando,"Banda Lady Night,Ivete Sangalo",MACETANDO,T-318.000.000-0,title_only
clean unified,Planilha UNA.xlsx,Relatório UBEM - Canal Brasil,Pote De Ouro,Liniker,POTE DE OURO,,title_only
clean unified,Planilha UNA.xlsx,Relatório UBEM - Canal Brasil,Psiu,Liniker,PSIU,T-335.821.334-6,title_only
clean unified,Planilha UNA.xlsx,Relatório UBEM - Canal Brasil,Tudo,Liniker,TUDO,T-301.718.723-0,title_only
clean unified,Planilha UNA.xlsx,Relatório UBEM - Canal Brasil,Me Chama,Cacau Protásio,ME CHAMA,T-311.953.645-3,title_only
clean unified,Planilha UNA.xlsx,Relatório UBEM - Canal Brasil,Beijinho No Ombro,Valesca Popozuda,BEIJINHO NO OMBRO,T-311.569.064-3,title_only
clean unified,Planilha UNA.xlsx,Relatório UBEM - Canal Brasil,Beijinho No Ombro,Valesca Popozuda,BEIJINHO NO OMBRO,T-311.569.064-3,title_only
clean unified,Planilha UNA.xlsx,Relatório UBEM - Canal Brasil,Beijinho No Ombro,Valesca Popozuda,BEIJINHO NO OMBRO,T-311.569.064-3,title_only
clean unified,Planilha UNA.xlsx,Relatório UBEM - Canal Brasil,Beijinho No Ombro,Valesca Popozuda,BEIJINHO NO OMBRO,T-311.569.064-3,title_only
clean unified,Planilha UNA.xlsx,Relatório UBEM - Canal Brasil,Beijinho No Ombro,Valesca Popozuda,BEIJINHO NO OMBRO,T-311.569.064-3,title_only
clean unified,Planilha UNA.xlsx,Relatório UBEM - Canal Brasil,Beijinho No Ombro,Valesca Popozuda,BEIJINHO NO OMBRO,T-311.569.064-3,title_only
clean unified,Planilha UNA.xlsx,Relatório UBEM - Canal Brasil,Mantra,Mumuzinho,MANTRA,T-301.577.149-6,title_only
clean unified,Planilha UNA.xlsx,Relatório UBEM - Canal Brasil,Mantra,Mumuzinho,MANTRA,T-301.577.149-6,title_only
clean unified,Planilha UNA.xlsx,Relatório UBEM - Canal Brasil,Mantra,Mumuzinho,MANTRA,T-301.577.149-6,title_only
clean unified,Planilha UNA.xlsx,Relatório UBEM - Canal Brasil,Mãe,Chico Chico,MÃE,T-306.800.395-8,title_only
clean unified,Planilha UNA.xlsx,Relatório UBEM - Canal Brasil,Mãe,Chico Chico,MÃE,,title_only
clean unified,Planilha UNA.xlsx,Relatório UBEM - Canal Brasil,Mãe,Chico Chico,MÃE,T-306.800.395-8,title_only
clean unified,Planilha UNA.xlsx,Relatório UBEM - Canal Brasil,Mãe,Chico Chico,MÃE,,title_only
clean unified,Planilha UNA.xlsx,Relatório UBEM - Canal Brasil,Gratidão,L7nnon,GRATIDÃO,T-305.217.523-8,title_only
clean unified,Planilha UNA.xlsx,Relatório UBEM - Canal Brasil,Gratidão,L7nnon,GRATIDÃO,T-305.217.523-8,title_only
clean unified,Planilha UNA.xlsx,Relatório UBEM - Canal Brasil,Vem Ni Mim,Àttøøxxá,VEM NI MIM,T-303.114.085-5,title_only
clean unified,Planilha UNA.xlsx,Relatório UBEM - Canal Brasil,Eu Te Avisei,"Ceejay,Renan Ricio",EU TE AVISEI,,title_only
clean unified,Planilha UNA.xlsx,Relatório UBEM - Canal Brasil,Coragem,Cpm 22,CORAGEM,T-040.522.266-3,title_only
clean unified,Planilha UNA.xlsx,Relatório UBEM - Canal Brasil,Coragem,Cpm 22,CORAGEM,,title_only
clean unified,Planilha UNA.xlsx,Relatório UBEM - Canal Brasil,Lágrimas De Sangue,Joelma,LÁGRIMAS DE SANGUE,,title_only
clean unified,Planilha UNA.xlsx,Relatório UBEM - Canal Brasil,Temporal,Joelma,TEMPORAL,T-307.003.180-6,title_only
clean unified,Planilha UNA.xlsx,Relatório UBEM - Canal Brasil,Máquina Do Tempo,Matuê,MAQUINA DO TEMPO,T-040.341.279-2,title_only
clean unified,Planilha UNA.xlsx,Relatório UBEM - Canal Brasil,Máquina Do Tempo,Matuê,MÁQUINA DO TEMPO,T-301.567.051-2,title_only
clean unified,Planilha UNA.xlsx,Relatório UBEM - Canal Brasil,Maria,Matuê,MARIA,T-307.006.304-2,title_only
clean unified,Planilha UNA.xlsx,Relatório UBEM - Canal Brasil,Maria,Matuê,MARIA,T-311.953.638-4,title_only
clean unified,Planilha UNA.xlsx,Relatório UBEM - Canal Brasil,Desejo,Soweto,DESEJO,T-322.628.586-1,title_only
clean unified,Planilha UNA.xlsx,Relatório UBEM - Canal Brasil,Gratidão,Soweto,GRATIDÃO,T-305.217.523-8,title_only
clean unified,Planilha UNA.xlsx,Relatório UBEM - Canal Brasil,Ilusão,Soweto,ILUSAO,T-040.011.902-9,title_only
clean unified,Planilha UNA.xlsx,Relatório UBEM - Canal Brasil,Ilusão,Soweto,ILUSÃO,,title_only
clean unified,Planilha UNA.xlsx,Relatório UBEM - Canal Brasil,Perfume,Soweto,PERFUME,T-305.215.262-8,title_only
clean unified,Planilha UNA.xlsx,Relatório UBEM - Canal Brasil,Te Quero,Soweto,TE QUERO,T-305.218.717-0,title_only
clean unified,Planilha UNA.xlsx,Relatório UBEM - Canal Brasil,Sentadinha,Léo Santana,SENTADINHA,T-306.792.989-5,title_only
clean unified,Planilha UNA.xlsx,Relatório UBEM - Canal Brasil,Sentadinha,Léo Santana,SENTADINHA,T-308.506.890-8,title_only
clean unified,Planilha UNA.xlsx,Relatório UBEM - Canal Brasil,Sentadinha,Léo Santana,SENTADINHA,T-306.792.989-5,title_only
clean unified,Planilha UNA.xlsx,Relatório UBEM - Canal Brasil,Sentadinha,Léo Santana,SENTADINHA,T-308.506.890-8,title_only
clean unified,Planilha UNA.xlsx,Relatório UBEM - Canal Brasil,Sentadinha,Léo Santana,SENTADINHA,T-306.792.989-5,title_only
clean unified,Planilha UNA.xlsx,Relatório UBEM - Canal Brasil,Sentadinha,Léo Santana,SENTADINHA,T-308.506.890-8,title_only
clean unified,Planilha UNA.xlsx,Relatório UBEM - Canal Brasil,Tudo Ok,"Js Mão De Ouro,Mila,Thiaguinho Mt",TUDO OK,T-040.059.792-3,title_only
clean unified,Planilha UNA.xlsx,Relatório UBEM - Canal Brasil,Tudo Ok,"Js Mão De Ouro,Mila,Thiaguinho Mt",TUDO OK,T-040.059.792-3,title_only
clean unified,Planilha UNA.xlsx,Relatório UBEM - Canal Brasil,Tudo Ok,"Js Mão De Ouro,Mila,Thiaguinho Mt",TUDO OK,T-040.059.792-3,title_only
clean unified,Planilha UNA.xlsx,Relatório UBEM - Canal Brasil,Beijinho No Ombro,Valesca Popozuda,BEIJINHO NO OMBRO,T-311.569.064-3,title_only
clean unified,Planilha UNA.xlsx,Relatório UBEM - Canal Brasil,Beijinho No Ombro,Valesca Popozuda,BEIJINHO NO OMBRO,T-311.569.064-3,title_only
clean unified,Planilha UNA.xlsx,Relatório UBEM - Canal Brasil,Treme Treme,"As Gêmeas Lacração,Mc Loma",TREME TREME,,title_only
clean unified,Planilha UNA.xlsx,Relatório UBEM - Canal Brasil,Treme Treme,"As Gêmeas Lacração,Mc Loma",TREME TREME,,title_only
clean unified,Planilha UNA.xlsx,Relatório UBEM - Canal Brasil,Brisa,Iza,BRISA,T-315.799.145-8,title_only
clean unified,Planilha UNA.xlsx,Relatório UBEM - Canal Brasil,Brisa,Iza,BRISA,T-316.180.981-6,title_only
clean unified,Planilha UNA.xlsx,Relatório UBEM - Canal Brasil,Brisa,Iza,BRISA,T-326.766.166-1,title_only
clean unified,Planilha UNA.xlsx,Relatório UBEM - Canal Brasil,Brisa,Iza,BRISA,T-315.799.145-8,title_only
clean unified,Planilha UNA.xlsx,Relatório UBEM - Canal Brasil,Brisa,Iza,BRISA,T-316.180.981-6,title_only
clean unified,Planilha UNA.xlsx,Relatório UBEM - Canal Brasil,Brisa,Iza,BRISA,T-326.766.166-1,title_only
clean unified,Planilha UNA.xlsx,Relatório UBEM - Canal Brasil,Brisa,Iza,BRISA,T-315.799.145-8,title_only
clean unified,Planilha UNA.xlsx,Relatório UBEM - Canal Brasil,Brisa,Iza,BRISA,T-316.180.981-6,title_only
clean unified,Planilha UNA.xlsx,Relatório UBEM - Canal Brasil,Brisa,Iza,BRISA,T-326.766.166-1,title_only
clean unified,Planilha UNA.xlsx,Relatório UBEM - Canal Brasil,Brisa,Iza,BRISA,T-315.799.145-8,title_only
clean unified,Planilha UNA.xlsx,Relatório UBEM - Canal Brasil,Brisa,Iza,BRISA,T-316.180.981-6,title_only
clean unified,Planilha UNA.xlsx,Relatório UBEM - Canal Brasil,Brisa,Iza,BRISA,T-326.766.166-1,title_only
clean unified,Planilha UNA.xlsx,Relatório UBEM - Canal Brasil,Mulher Rendeira,Trio Nordestino,MULHER RENDEIRA,T-039.167.658-6,title_only
clean unified,Planilha UNA.xlsx,Relatório UBEM - Canal Brasil,Mulher Rendeira,Trio Nordestino,MULHER RENDEIRA,T-039.167.658-6,title_only
clean unified,Planilha UNA.xlsx,Relatório UBEM - Canal Brasil,Mulher Rendeira,Trio Nordestino,MULHER RENDEIRA,T-039.167.658-6,title_only
clean unified,Planilha UNA.xlsx,Relatório UBEM - Canal Brasil,Mulher Rendeira,Trio Nordestino,MULHER RENDEIRA,T-039.167.658-6,title_only
clean unified,Planilha UNA.xlsx,Relatório UBEM - Canal Brasil,Fuleragem,Mc Wm,FULERAGEM,T-305.214.250-0,title_only
clean unified,Planilha UNA.xlsx,Relatório UBEM - Canal Brasil,Fuleragem,Mc Wm,FULERAGEM,T-305.214.250-0,title_only
clean unified,Planilha UNA.xlsx,Relatório UBEM - Canal Brasil,Fuleragem,Mc Wm,FULERAGEM,T-305.214.250-0,title_only
clean unified,Planilha UNA.xlsx,Relatório UBEM - Canal Brasil,Fuleragem,Mc Wm,FULERAGEM,T-305.214.250-0,title_only
clean unified,Planilha UNA.xlsx,Relatório UBEM - Canal Brasil,Baile De Favela,Mc João,BAILE DE FAVELA,T-303.383.693-6,title_only
clean unified,Planilha UNA.xlsx,Relatório UBEM - Canal Brasil,Baile De Favela,Mc João,BAILE DE FAVELA,T-303.383.693-6,title_only
clean unified,Planilha UNA.xlsx,Relatório UBEM - Canal Brasil,Baile De Favela,Mc João,BAILE DE FAVELA,T-303.383.693-6,title_only
clean unified,Planilha UNA.xlsx,Relatório UBEM - Canal Brasil,Baile De Favela,Mc João,BAILE DE FAVELA,T-303.383.693-6,title_only
clean unified,Planilha UNA.xlsx,Relatório UBEM - Canal Brasil,Sentadão,"Felipe Original,Js,Pedro Sampaio",SENTADÃO,T-303.014.916-3,title_only
clean unified,Planilha UNA.xlsx,Relatório UBEM - Canal Brasil,Sentadão,"Felipe Original,Js,Pedro Sampaio",SENTADÃO,T-304.715.440-1,title_only
clean unified,Planilha UNA.xlsx,Relatório UBEM - Canal Brasil,Sentadão,"Felipe Original,Js,Pedro Sampaio",SENTADÃO,T-325.955.974-1,title_only
clean unified,Planilha UNA.xlsx,Relatório UBEM - Canal Brasil,Sentadão,"Felipe Original,Js,Pedro Sampaio",SENTADÃO,T-303.014.916-3,title_only
clean unified,Planilha UNA.xlsx,Relatório UBEM - Canal Brasil,Sentadão,"Felipe Original,Js,Pedro Sampaio",SENTADÃO,T-304.715.440-1,title_only
clean unified,Planilha UNA.xlsx,Relatório UBEM - Canal Brasil,Sentadão,"Felipe Original,Js,Pedro Sampaio",SENTADÃO,T-325.955.974-1,title_only
clean unified,Planilha UNA.xlsx,Relatório UBEM - Canal Brasil,Sentadão,"Felipe Original,Js,Pedro Sampaio",SENTADÃO,T-303.014.916-3,title_only
clean unified,Planilha UNA.xlsx,Relatório UBEM - Canal Brasil,Sentadão,"Felipe Original,Js,Pedro Sampaio",SENTADÃO,T-304.715.440-1,title_only
clean unified,Planilha UNA.xlsx,Relatório UBEM - Canal Brasil,Sentadão,"Felipe Original,Js,Pedro Sampaio",SENTADÃO,T-325.955.974-1,title_only
clean unified,Planilha UNA.xlsx,Relatório UBEM - Canal Brasil,Sentadão,"Felipe Original,Js,Pedro Sampaio",SENTADÃO,T-303.014.916-3,title_only
clean unified,Planilha UNA.xlsx,Relatório UBEM - Canal Brasil,Sentadão,"Felipe Original,Js,Pedro Sampaio",SENTADÃO,T-304.715.440-1,title_only
clean unified,Planilha UNA.xlsx,Relatório UBEM - Canal Brasil,Sentadão,"Felipe Original,Js,Pedro Sampaio",SENTADÃO,T-325.955.974-1,title_only
clean unified,Planilha UNA.xlsx,Relatório UBEM - Canal Brasil,Beijinho No Ombro,Andy Gercker,BEIJINHO NO OMBRO,T-311.569.064-3,title_only
clean unified,Planilha UNA.xlsx,Relatório UBEM - Canal Brasil,Beijinho No Ombro,Andy Gercker,BEIJINHO NO OMBRO,T-311.569.064-3,title_only
clean unified,Planilha UNA.xlsx,Relatório UBEM - Canal Brasil,Beijinho No Ombro,Andy Gercker,BEIJINHO NO OMBRO,T-311.569.064-3,title_only
clean unified,Planilha UNA.xlsx,Relatório UBEM - Canal Brasil,Até O Céu,"Anitta,Mc Cabelinho",ATÉ O CÉU,T-333.819.469-3,title_only
clean unified,Planilha UNA.xlsx,Relatório UBEM - Canal Brasil,Até O Céu,"Anitta,Mc Cabelinho",ATÉ O CÉU,T-333.819.469-3,title_only
clean unified,Planilha UNA.xlsx,Relatório UBEM - Canal Brasil,Até O Céu,"Anitta,Mc Cabelinho",ATÉ O CÉU,T-333.819.469-3,title_only
clean unified,Planilha UNA.xlsx,Relatório UBEM - Canal Brasil,Até O Céu,"Anitta,Mc Cabelinho",ATÉ O CÉU,T-333.819.469-3,title_only
clean unified,Planilha UNA.xlsx,Relatório UBEM - Canal Brasil,Brisa,"Andy Gercker,Evelyn Castro,Roberta Rodrigues,Rodrigo Sant'anna",BRISA,T-315.799.145-8,title_only
clean unified,Planilha UNA.xlsx,Relatório UBEM - Canal Brasil,Brisa,"Andy Gercker,Evelyn Castro,Roberta Rodrigues,Rodrigo Sant'anna",BRISA,T-316.180.981-6,title_only
clean unified,Planilha UNA.xlsx,Relatório UBEM - Canal Brasil,Brisa,"Andy Gercker,Evelyn Castro,Roberta Rodrigues,Rodrigo Sant'anna",BRISA,T-326.766.166-1,title_only
clean unified,Planilha UNA.xlsx,Relatório UBEM - Canal Brasil,Brisa,"Andy Gercker,Evelyn Castro,Roberta Rodrigues,Rodrigo Sant'anna",BRISA,T-315.799.145-8,title_only
clean unified,Planilha UNA.xlsx,Relatório UBEM - Canal Brasil,Brisa,"Andy Gercker,Evelyn Castro,Roberta Rodrigues,Rodrigo Sant'anna",BRISA,T-316.180.981-6,title_only
clean unified,Planilha UNA.xlsx,Relatório UBEM - Canal Brasil,Brisa,"Andy Gercker,Evelyn Castro,Roberta Rodrigues,Rodrigo Sant'anna",BRISA,T-326.766.166-1,title_only
clean unified,Planilha UNA.xlsx,Relatório UBEM - Canal Brasil,Brisa,"Andy Gercker,Evelyn Castro,Roberta Rodrigues,Rodrigo Sant'anna",BRISA,T-315.799.145-8,title_only
clean unified,Planilha UNA.xlsx,Relatório UBEM - Canal Brasil,Brisa,"Andy Gercker,Evelyn Castro,Roberta Rodrigues,Rodrigo Sant'anna",BRISA,T-316.180.981-6,title_only
clean unified,Planilha UNA.xlsx,Relatório UBEM - Canal Brasil,Brisa,"Andy Gercker,Evelyn Castro,Roberta Rodrigues,Rodrigo Sant'anna",BRISA,T-326.766.166-1,title_only
clean unified,Planilha UNA.xlsx,Relatório UBEM - Canal Brasil,Maliciosa,Ludmilla,MALICIOSA,T-308.115.017-2,title_only
clean unified,Planilha UNA.xlsx,Relatório UBEM - Canal Brasil,Maliciosa,Ludmilla,MALICIOSA,T-308.115.017-2,title_only
clean unified,Planilha UNA.xlsx,Relatório UBEM - Canal Brasil,Maliciosa,Ludmilla,MALICIOSA,T-308.115.017-2,title_only
clean unified,Planilha UNA.xlsx,Relatório UBEM - Canal Brasil,Macetando,"Ivete Sangalo,Ludmilla",MACETANDO,T-318.000.000-0,title_only
clean unified,Planilha UNA.xlsx,Relatório UBEM - Canal Brasil,Macetando,"Ivete Sangalo,Ludmilla",MACETANDO,T-318.000.000-0,title_only
clean unified,Planilha UNA.xlsx,Relatório UBEM - Canal Brasil,Macetando,"Ivete Sangalo,Ludmilla",MACETANDO,T-318.000.000-0,title_only
clean unified,Planilha UNA.xlsx,Relatório UBEM - Canal Brasil,Macetando,"Ivete Sangalo,Ludmilla",MACETANDO,T-318.000.000-0,title_only
clean unified,Planilha UNA.xlsx,Relatório UBEM - Canal Brasil,Macetando,"Ivete Sangalo,Ludmilla",MACETANDO,T-318.000.000-0,title_only
clean unified,Planilha UNA.xlsx,Relatório UBEM - Canal Brasil,Macetando,"Ivete Sangalo,Ludmilla",MACETANDO,T-318.000.000-0,title_only
clean unified,Planilha UNA.xlsx,Relatório UBEM - Canal Brasil,Macetando,"Ivete Sangalo,Ludmilla",MACETANDO,T-318.000.000-0,title_only
clean unified,Planilha UNA.xlsx,Relatório UBEM - Canal Brasil,La Noche,Yago Oproprio,LA NOCHE,T-328.946.779-0,title_only
clean unified,Planilha UNA.xlsx,Relatório UBEM - Canal Brasil,La Noche,Yago Oproprio,LA NOCHE,T-328.946.779-0,title_only
clean unified,Planilha UNA.xlsx,Relatório UBEM - Canal Brasil,La Noche,Yago Oproprio,LA NOCHE,T-328.946.779-0,title_only
clean unified,Planilha UNA.xlsx,Relatório UBEM - Canal Brasil,La Noche,Yago Oproprio,LA NOCHE,T-328.946.779-0,title_only
clean unified,Planilha UNA.xlsx,Relatório UBEM - Canal Brasil,Tudo,Liniker,TUDO,T-301.718.723-0,title_only
clean unified,Planilha UNA.xlsx,Relatório UBEM - Canal Brasil,Tudo,Liniker,TUDO,T-301.718.723-0,title_only
clean unified,Planilha UNA.xlsx,Relatório UBEM - Canal Brasil,Tudo,Liniker,TUDO,T-301.718.723-0,title_only
clean unified,Planilha UNA.xlsx,Relatório UBEM - Canal Brasil,Tudo,Liniker,TUDO,T-301.718.723-0,title_only
clean unified,Planilha UNA.xlsx,Relatório UBEM - Canal Brasil,Tudo,Liniker,TUDO,T-301.718.723-0,title_only
clean unified,Planilha UNA.xlsx,Relatório UBEM - Canal Brasil,Peito Aberto,Budah,PEITO ABERTO,,title_only
clean unified,Planilha UNA.xlsx,Relatório UBEM - Canal Brasil,Peito Aberto,Budah,PEITO ABERTO,,title_only
clean unified,Planilha UNA.xlsx,Relatório UBEM - Canal Brasil,São Paulo,"Anitta,Weeknd, The",SÃO PAULO,,title_only
clean unified,Planilha UNA.xlsx,Relatório UBEM - Canal Brasil,São Paulo,"Anitta,Weeknd, The",SÃO PAULO,,title_only
clean unified,Planilha UNA.xlsx,Relatório UBEM - Canal Brasil,Saudade,Lauana Prado,SAUDADE,T-306.509.964-7,title_only
clean unified,Planilha UNA.xlsx,Relatório UBEM - Canal Brasil,Saudade,Lauana Prado,SAUDADE,T-039.751.632-3,title_only
clean unified,Planilha UNA.xlsx,Relatório UBEM - Canal Brasil,Saudade,Lauana Prado,SAUDADE,,title_only
clean unified,Planilha UNA.xlsx,Relatório UBEM - Canal Brasil,Saudade,Lauana Prado,SAUDADE,T-305.264.938-0,title_only
clean unified,Planilha UNA.xlsx,Relatório UBEM - Canal Brasil,Saudade,Lauana Prado,SAUDADE,T-306.509.964-7,title_only
clean unified,Planilha UNA.xlsx,Relatório UBEM - Canal Brasil,Saudade,Lauana Prado,SAUDADE,T-039.751.632-3,title_only
clean unified,Planilha UNA.xlsx,Relatório UBEM - Canal Brasil,Saudade,Lauana Prado,SAUDADE,,title_only
clean unified,Planilha UNA.xlsx,Relatório UBEM - Canal Brasil,Saudade,Lauana Prado,SAUDADE,T-305.264.938-0,title_only
clean unified,Planilha UNA.xlsx,Relatório UBEM - Canal Brasil,Downtown,"Anitta,J Balvin",DOWNTOWN,,title_only
clean unified,Planilha UNA.xlsx,Relatório UBEM - Canal Brasil,Downtown,"Anitta,J Balvin",DOWNTOWN,,title_only
clean unified,Planilha UNA.xlsx,Relatório UBEM - Canal Brasil,Linha De Frente,"Budah,Tibery",LINHA DE FRENTE,T-308.636.270-7,title_only
clean unified,Planilha UNA.xlsx,Relatório UBEM - Canal Brasil,Samurai,Jota.Pê,SAMURAI,T-300.960.761-4,title_only
clean unified,Planilha UNA.xlsx,Relatório UBEM - Canal Brasil,Samurai,Jota.Pê,SAMURAI,T-300.960.761-4,title_only
clean unified,Planilha UNA.xlsx,Relatório UBEM - Canal Brasil,Tudo,Liniker,TUDO,T-301.718.723-0,title_only
clean unified,Planilha UNA.xlsx,Relatório UBEM - Canal Brasil,Tudo,Liniker,TUDO,T-301.718.723-0,title_only
clean unified,Planilha UNA.xlsx,Relatório UBEM - Canal Brasil,Vamos Fugir,Jota.Pê,VAMOS FUGIR,T-305.415.581-2,title_only
clean unified,Planilha UNA.xlsx,Relatório UBEM - Canal Brasil,Vamos Fugir,Jota.Pê,VAMOS FUGIR,T-305.415.581-2,title_only
clean unified,Planilha UNA.xlsx,Relatório UBEM - Canal Brasil,Tudo,Liniker,TUDO,T-301.718.723-0,title_only
clean unified,Planilha UNA.xlsx,Relatório UBEM - Canal Brasil,Tudo,Liniker,TUDO,T-301.718.723-0,title_only
clean unified,Planilha UNA.xlsx,Relatório UBEM - Canal Brasil,Eu Vou Sentar,"Melody,Nattan",EU VOU SENTAR,T-305.267.256-3,title_only
clean unified,Planilha UNA.xlsx,Relatório UBEM - Canal Brasil,Eu Vou Sentar,"Melody,Nattan",EU VOU SENTAR,T-305.267.256-3,title_only
clean unified,Planilha UNA.xlsx,Relatório UBEM - Canal Brasil,Amor Incendiário,Yago Oproprio,AMOR INCENDIÁRIO,T-040.507.369-9,title_only
clean unified,Planilha UNA.xlsx,Relatório UBEM - Canal Brasil,Amor Incendiário,Yago Oproprio,AMOR INCENDIÁRIO,T-040.507.369-9,title_only
clean unified,Planilha UNA.xlsx,Relatório UBEM - Canal Brasil,Imprevisto,"Rô Rosa,Skeeter Beats,Yago Oproprio",IMPREVISTO,T-312.561.383-0,title_only
clean unified,Planilha UNA.xlsx,Relatório UBEM - Canal Brasil,Imprevisto,"Rô Rosa,Skeeter Beats,Yago Oproprio",IMPREVISTO,T-312.561.383-0,title_only
clean unified,Planilha UNA.xlsx,Relatório UBEM - Canal Brasil,La Noche,Yago Oproprio,LA NOCHE,T-328.946.779-0,title_only
clean unified,Planilha UNA.xlsx,Relatório UBEM - Canal Brasil,La Noche,Yago Oproprio,LA NOCHE,T-328.946.779-0,title_only
clean unified,Planilha UNA.xlsx,Relatório UBEM - Canal Brasil,Tudo,Liniker,TUDO,T-301.718.723-0,title_only
clean unified,Planilha UNA.xlsx,Relatório UBEM - Canal Brasil,Tudo,Liniker,TUDO,T-301.718.723-0,title_only
clean unified,Planilha UNA.xlsx,Relatório UBEM - Canal Brasil,Eu Sei,Fresno,EU SEI,T-323.310.474-6,title_only
clean unified,Planilha UNA.xlsx,Relatório UBEM - Canal Brasil,Eu Sei,Fresno,EU SEI,T-323.310.474-6,title_only
clean unified,Planilha UNA.xlsx,Relatório UBEM - Canal Brasil,Temporal,Bruna Mendez,TEMPORAL,T-307.003.180-6,title_only
clean unified,Planilha UNA.xlsx,Relatório UBEM - Canal Brasil,Temporal,Bruna Mendez,TEMPORAL,T-307.003.180-6,title_only
clean unified,Planilha UNA.xlsx,Relatório UBEM - Canal Brasil,Nocaute,"Monic, The",NOCAUTE,T-317.794.059-5,title_only
clean unified,Planilha UNA.xlsx,Relatório UBEM - Canal Brasil,Esquema,Mia Wicthoff,ESQUEMA,T-319.876.005-9,title_only
clean unified,Planilha UNA.xlsx,Relatório UBEM - Canal Brasil,Esquema,Mia Wicthoff,ESQUEMA,T-318.043.291-7,title_only
clean unified,Planilha UNA.xlsx,Relatório UBEM - Canal Brasil,Baile De Favela,Mc João,BAILE DE FAVELA,T-303.383.693-6,title_only
clean unified,Planilha UNA.xlsx,Relatório UBEM - Canal Brasil,Baile De Favela,Mc João,BAILE DE FAVELA,T-303.383.693-6,title_only
clean unified,Planilha UNA.xlsx,Relatório UBEM - Canal Brasil,Baile De Favela,Mc João,BAILE DE FAVELA,T-303.383.693-6,title_only
clean unified,Planilha UNA.xlsx,Relatório UBEM - Canal Brasil,Maria,Blondie,MARIA,T-307.006.304-2,title_only
clean unified,Planilha UNA.xlsx,Relatório UBEM - Canal Brasil,Maria,Blondie,MARIA,T-311.953.638-4,title_only
clean unified,Planilha UNA.xlsx,Relatório UBEM - Canal Brasil,Criminal,Britney Spears,CRIMINAL,T-932.737.486-7,title_only
clean unified,Planilha UNA.xlsx,Relatório UBEM - Canal Brasil,Criminal,Britney Spears,CRIMINAL,T-932.737.486-7,title_only
clean unified,Planilha UNA.xlsx,Relatório UBEM - Canal Brasil,Criminal,Britney Spears,CRIMINAL,T-932.737.486-7,title_only
clean unified,Planilha UNA.xlsx,Relatório UBEM - Canal Brasil,Criminal,Britney Spears,CRIMINAL,T-932.737.486-7,title_only
clean unified,Planilha UNA.xlsx,Relatório UBEM - Canal Brasil,Criminal,Britney Spears,CRIMINAL,T-932.737.486-7,title_only
clean unified,Planilha UNA.xlsx,Relatório UBEM - Canal Brasil,Criminal,Britney Spears,CRIMINAL,T-932.737.486-7,title_only
clean unified,Planilha UNA.xlsx,Relatório UBEM - Canal Brasil,Criminal,Britney Spears,CRIMINAL,T-932.737.486-7,title_only
clean unified,Planilha UNA.xlsx,Relatório UBEM - Canal Brasil,Criminal,Britney Spears,CRIMINAL,T-932.737.486-7,title_only
clean unified,Planilha UNA.xlsx,Relatório UBEM - Canal Brasil,Criminal,Britney Spears,CRIMINAL,T-932.737.486-7,title_only
clean unified,Planilha UNA.xlsx,Relatório UBEM - Canal Brasil,Criminal,Britney Spears,CRIMINAL,T-932.737.486-7,title_only
clean unified,Planilha UNA.xlsx,Relatório UBEM - Canal Brasil,Opinião,Samantha Schmütz,OPINIÃO,,title_only
clean unified,Planilha UNA.xlsx,Relatório UBEM - Canal Brasil,Opinião,Samantha Schmütz,OPINIÃO,,title_only
clean unified,Planilha UNA.xlsx,Relatório UBEM - Canal Brasil,Opinião,Samantha Schmütz,OPINIÃO,,title_only
clean unified,Planilha UNA.xlsx,Relatório UBEM - Canal Brasil,Opinião,Samantha Schmütz,OPINIÃO,,title_only
clean unified,Planilha UNA.xlsx,Relatório UBEM - Canal Brasil,Baile De Favela,Mc João,BAILE DE FAVELA,T-303.383.693-6,title_only
clean unified,Planilha UNA.xlsx,Relatório UBEM - Canal Brasil,Baile De Favela,Mc João,BAILE DE FAVELA,T-303.383.693-6,title_only
clean unified,Planilha UNA.xlsx,Relatório UBEM - Canal Brasil,Baile De Favela,Mc João,BAILE DE FAVELA,T-303.383.693-6,title_only
clean unified,Planilha UNA.xlsx,Relatório UBEM - Canal Brasil,Baile De Favela,Mc João,BAILE DE FAVELA,T-303.383.693-6,title_only
clean unified,Planilha UNA.xlsx,Relatório UBEM - Canal Brasil,Satisfação,Tati Quebra Barraco,SATISFAÇÃO,T-302.730.937-7,title_only
clean unified,Planilha UNA.xlsx,Relatório UBEM - Canal Brasil,Baile De Favela,Mc João,BAILE DE FAVELA,T-303.383.693-6,title_only
clean unified,Planilha UNA.xlsx,Relatório UBEM - Canal Brasil,Baile De Favela,Mc João,BAILE DE FAVELA,T-303.383.693-6,title_only
clean unified,Planilha UNA.xlsx,Relatório UBEM - Canal Brasil,Maria,Ricky Martin,MARIA,T-307.006.304-2,title_only
clean unified,Planilha UNA.xlsx,Relatório UBEM - Canal Brasil,Maria,Ricky Martin,MARIA,T-311.953.638-4,title_only
clean unified,Planilha UNA.xlsx,Relatório UBEM - Canal Brasil,Maria,Ricky Martin,MARIA,T-307.006.304-2,title_only
clean unified,Planilha UNA.xlsx,Relatório UBEM - Canal Brasil,Maria,Ricky Martin,MARIA,T-311.953.638-4,title_only
clean unified,Planilha UNA.xlsx,Relatório UBEM - Canal Brasil,Maria,Ricky Martin,MARIA,T-307.006.304-2,title_only
clean unified,Planilha UNA.xlsx,Relatório UBEM - Canal Brasil,Maria,Ricky Martin,MARIA,T-311.953.638-4,title_only
clean unified,Planilha UNA.xlsx,Relatório UBEM - Canal Brasil,Maria,Ricky Martin,MARIA,T-307.006.304-2,title_only
clean unified,Planilha UNA.xlsx,Relatório UBEM - Canal Brasil,Maria,Ricky Martin,MARIA,T-311.953.638-4,title_only
clean unified,Planilha UNA.xlsx,Relatório UBEM - Canal Brasil,Vingança,Linda Batista,VINGANÇA,T-040.226.902-6,title_only
clean unified,Planilha UNA.xlsx,Relatório UBEM - Canal Brasil,Vingança,Linda Batista,VINGANÇA,T-040.226.902-6,title_only
clean unified,Planilha UNA.xlsx,Relatório UBEM - Canal Brasil,Socadona,"Ludmilla,Mariah Angeliq,Mr. Vegas,Topo La Maskara",SOCADONA,T-305.217.548-7,title_only
clean unified,Planilha UNA.xlsx,Relatório UBEM - Canal Brasil,Socadona,"Ludmilla,Mariah Angeliq,Mr. Vegas,Topo La Maskara",SOCADONA,,title_only
clean unified,Planilha UNA.xlsx,Relatório UBEM - Canal Brasil,Socadona,"Ludmilla,Mariah Angeliq,Mr. Vegas,Topo La Maskara",SOCADONA,T-305.217.548-7,title_only
clean unified,Planilha UNA.xlsx,Relatório UBEM - Canal Brasil,Socadona,"Ludmilla,Mariah Angeliq,Mr. Vegas,Topo La Maskara",SOCADONA,,title_only
clean unified,Planilha UNA.xlsx,Relatório UBEM - Canal Brasil,Socadona,"Ludmilla,Mariah Angeliq,Mr. Vegas,Topo La Maskara",SOCADONA,T-305.217.548-7,title_only
clean unified,Planilha UNA.xlsx,Relatório UBEM - Canal Brasil,Socadona,"Ludmilla,Mariah Angeliq,Mr. Vegas,Topo La Maskara",SOCADONA,,title_only
clean unified,Planilha UNA.xlsx,Relatório UBEM - Canal Brasil,Vendaval,Majur,VENDAVAL,,title_only
clean unified,Planilha UNA.xlsx,Relatório UBEM - Canal Brasil,Andarilho,Majur,ANDARILHO,T-330.191.305-9,title_only
clean unified,Planilha UNA.xlsx,Relatório UBEM - Canal Brasil,Andarilho,Majur,ANDARILHO,T-330.191.305-9,title_only
clean unified,Planilha UNA.xlsx,Relatório UBEM - Canal Brasil,Andarilho,Majur,ANDARILHO,T-330.191.305-9,title_only
clean unified,Planilha UNA.xlsx,Relatório UBEM - Canal Brasil,Andarilho,Majur,ANDARILHO,T-330.191.305-9,title_only
clean unified,Planilha UNA.xlsx,Relatório UBEM - Canal Brasil,Máquina Do Tempo,Matuê,MAQUINA DO TEMPO,T-040.341.279-2,title_only
clean unified,Planilha UNA.xlsx,Relatório UBEM - Canal Brasil,Máquina Do Tempo,Matuê,MÁQUINA DO TEMPO,T-301.567.051-2,title_only
clean unified,Planilha UNA.xlsx,Relatório UBEM - Canal Brasil,Máquina Do Tempo,Matuê,MAQUINA DO TEMPO,T-040.341.279-2,title_only
clean unified,Planilha UNA.xlsx,Relatório UBEM - Canal Brasil,Máquina Do Tempo,Matuê,MÁQUINA DO TEMPO,T-301.567.051-2,title_only
clean unified,Planilha UNA.xlsx,Relatório UBEM - Canal Brasil,Máquina Do Tempo,Matuê,MAQUINA DO TEMPO,T-040.341.279-2,title_only
clean unified,Planilha UNA.xlsx,Relatório UBEM - Canal Brasil,Máquina Do Tempo,Matuê,MÁQUINA DO TEMPO,T-301.567.051-2,title_only
clean unified,Planilha UNA.xlsx,Relatório UBEM - Canal Brasil,Máquina Do Tempo,Matuê,MAQUINA DO TEMPO,T-040.341.279-2,title_only
clean unified,Planilha UNA.xlsx,Relatório UBEM - Canal Brasil,Máquina Do Tempo,Matuê,MÁQUINA DO TEMPO,T-301.567.051-2,title_only
clean unified,Planilha UNA.xlsx,Relatório UBEM - Canal Brasil,Máquina Do Tempo,Matuê,MAQUINA DO TEMPO,T-040.341.279-2,title_only
clean unified,Planilha UNA.xlsx,Relatório UBEM - Canal Brasil,Máquina Do Tempo,Matuê,MÁQUINA DO TEMPO,T-301.567.051-2,title_only
clean unified,Planilha UNA.xlsx,Relatório UBEM - Canal Brasil,Rockstar,21 Savage,ROCKSTAR,T-039.544.547-2,title_only
clean unified,Planilha UNA.xlsx,Relatório UBEM - Canal Brasil,Rockstar,21 Savage,ROCKSTAR,T-328.312.366-6,title_only
clean unified,Planilha UNA.xlsx,Relatório UBEM - Canal Brasil,Rockstar,21 Savage,ROCKSTAR,T-039.544.547-2,title_only
clean unified,Planilha UNA.xlsx,Relatório UBEM - Canal Brasil,Rockstar,21 Savage,ROCKSTAR,T-328.312.366-6,title_only
clean unified,Planilha UNA.xlsx,Relatório UBEM - Canal Brasil,Rockstar,21 Savage,ROCKSTAR,T-039.544.547-2,title_only
clean unified,Planilha UNA.xlsx,Relatório UBEM - Canal Brasil,Rockstar,21 Savage,ROCKSTAR,T-328.312.366-6,title_only
clean unified,Planilha UNA.xlsx,Relatório UBEM - Canal Brasil,Rockstar,21 Savage,ROCKSTAR,T-039.544.547-2,title_only
clean unified,Planilha UNA.xlsx,Relatório UBEM - Canal Brasil,Rockstar,21 Savage,ROCKSTAR,T-328.312.366-6,title_only
clean unified,Planilha UNA.xlsx,Relatório UBEM - Canal Brasil,Rockstar,21 Savage,ROCKSTAR,T-039.544.547-2,title_only
clean unified,Planilha UNA.xlsx,Relatório UBEM - Canal Brasil,Rockstar,21 Savage,ROCKSTAR,T-328.312.366-6,title_only
clean unified,Planilha UNA.xlsx,Relatório UBEM - Canal Brasil,Máscara,Pitty,MÁSCARA,,title_only
clean unified,Planilha UNA.xlsx,Relatório UBEM - Canal Brasil,Máscara,Pitty,MÁSCARA,,title_only
clean unified,Planilha UNA.xlsx,Relatório UBEM - Canal Brasil,Máscara,Pitty,MÁSCARA,,title_only
clean unified,Planilha UNA.xlsx,Relatório UBEM - Canal Brasil,Máscara,Pitty,MÁSCARA,,title_only
clean unified,Planilha UNA.xlsx,Relatório UBEM - Canal Brasil,Máscara,Pitty,MÁSCARA,,title_only
clean unified,Planilha UNA.xlsx,Relatório UBEM - Canal Brasil,Mantém,Pra Sempre Trap,MANTÉM,T-931.477.304-1,title_only
clean unified,Planilha UNA.xlsx,Relatório UBEM - Canal Brasil,Mantém,Pra Sempre Trap,MANTÉM,T-931.477.304-1,title_only
clean unified,Planilha UNA.xlsx,Relatório UBEM - Canal Brasil,Mantém,Pra Sempre Trap,MANTÉM,T-931.477.304-1,title_only
clean unified,Planilha UNA.xlsx,Relatório UBEM - Canal Brasil,Mantém,Pra Sempre Trap,MANTÉM,T-931.477.304-1,title_only
clean unified,Planilha UNA.xlsx,Relatório UBEM - Canal Brasil,Mantém,Pra Sempre Trap,MANTÉM,T-931.477.304-1,title_only
clean unified,Planilha UNA.xlsx,Relatório UBEM - Canal Brasil,Cuidado,Tuyo,CUIDADO,T-317.794.225-1,title_only
clean unified,Planilha UNA.xlsx,Relatório UBEM - Canal Brasil,Cuidado,Tuyo,CUIDADO,,title_only
clean unified,Planilha UNA.xlsx,Relatório UBEM - Canal Brasil,Cuidado,Tuyo,CUIDADO,T-317.794.225-1,title_only
clean unified,Planilha UNA.xlsx,Relatório UBEM - Canal Brasil,Cuidado,Tuyo,CUIDADO,,title_only
clean unified,Planilha UNA.xlsx,Relatório UBEM - Canal Brasil,Cuidado,Tuyo,CUIDADO,T-317.794.225-1,title_only
clean unified,Planilha UNA.xlsx,Relatório UBEM - Canal Brasil,Cuidado,Tuyo,CUIDADO,,title_only
clean unified,Planilha UNA.xlsx,Relatório UBEM - Canal Brasil,Cuidado,Tuyo,CUIDADO,T-317.794.225-1,title_only
clean unified,Planilha UNA.xlsx,Relatório UBEM - Canal Brasil,Cuidado,Tuyo,CUIDADO,,title_only
clean unified,Planilha UNA.xlsx,Relatório UBEM - Canal Brasil,Rotina,Zaynara,ROTINA,T-316.009.961-2,title_only
clean unified,Planilha UNA.xlsx,Relatório UBEM - Canal Brasil,Rotina,Zaynara,ROTINA,T-316.009.961-2,title_only
clean unified,Planilha UNA.xlsx,Relatório UBEM - Canal Brasil,Rotina,Zaynara,ROTINA,T-316.009.961-2,title_only
clean unified,Planilha UNA.xlsx,Relatório UBEM - Canal Brasil,Segredo,Sophia Chablau E Uma Enorme Perda De Tempo,SEGREDO,T-039.611.383-9,title_only
clean unified,Planilha UNA.xlsx,Relatório UBEM - Canal Brasil,Segredo,Sophia Chablau E Uma Enorme Perda De Tempo,SEGREDO,T-039.611.383-9,title_only
clean unified,Planilha UNA.xlsx,Relatório UBEM - Canal Brasil,Segredo,Sophia Chablau E Uma Enorme Perda De Tempo,SEGREDO,T-039.611.383-9,title_only
clean unified,Planilha UNA.xlsx,Relatório UBEM - Canal Brasil,Convite,Juliana Sinimbú,CONVITE,T-303.015.344-3,title_only
clean unified,Planilha UNA.xlsx,Relatório UBEM - Canal Brasil,Convite,Juliana Sinimbú,CONVITE,T-303.015.344-3,title_only
clean unified,Planilha UNA.xlsx,Relatório UBEM - Canal Brasil,Convite,Juliana Sinimbú,CONVITE,T-303.015.344-3,title_only
clean unified,Planilha UNA.xlsx,Relatório UBEM - Canal Brasil,Bailarina,Ventre,BAILARINA,T-311.569.060-9,title_only
clean unified,Planilha UNA.xlsx,Relatório UBEM - Canal Brasil,Bailarina,Ventre,BAILARINA,T-313.602.491-0,title_only
clean unified,Planilha UNA.xlsx,Relatório UBEM - Canal Brasil,Bailarina,Ventre,BAILARINA,T-311.569.060-9,title_only
clean unified,Planilha UNA.xlsx,Relatório UBEM - Canal Brasil,Bailarina,Ventre,BAILARINA,T-313.602.491-0,title_only
clean unified,Planilha UNA.xlsx,Relatório UBEM - Canal Brasil,Carnaval,Ventre,CARNAVAL,T-039.269.033-3,title_only
clean unified,Planilha UNA.xlsx,Relatório UBEM - Canal Brasil,Carnaval,Ventre,CARNAVAL,T-040.344.097-0,title_only
clean unified,Planilha UNA.xlsx,Relatório UBEM - Canal Brasil,Carnaval,Ventre,CARNAVAL,,title_only
clean unified,Planilha UNA.xlsx,Relatório UBEM - Canal Brasil,Carnaval,Ventre,CARNAVAL,T-039.269.033-3,title_only
clean unified,Planilha UNA.xlsx,Relatório UBEM - Canal Brasil,Carnaval,Ventre,CARNAVAL,T-040.344.097-0,title_only
clean unified,Planilha UNA.xlsx,Relatório UBEM - Canal Brasil,Carnaval,Ventre,CARNAVAL,,title_only
clean unified,Planilha UNA.xlsx,Relatório UBEM - Canal Brasil,Quente,Ventre,QUENTE,T-040.140.018-7,title_only
clean unified,Planilha UNA.xlsx,Relatório UBEM - Canal Brasil,Quente,Ventre,QUENTE,T-320.312.400-5,title_only
clean unified,Planilha UNA.xlsx,Relatório UBEM - Canal Brasil,Quente,Ventre,QUENTE,,title_only
clean unified,Planilha UNA.xlsx,Relatório UBEM - Canal Brasil,Quente,Ventre,QUENTE,T-040.140.018-7,title_only
clean unified,Planilha UNA.xlsx,Relatório UBEM - Canal Brasil,Quente,Ventre,QUENTE,T-320.312.400-5,title_only
clean unified,Planilha UNA.xlsx,Relatório UBEM - Canal Brasil,Quente,Ventre,QUENTE,,title_only
clean unified,Planilha UNA.xlsx,Relatório UBEM - Canal Brasil,Despedida,Evandro Vedovelli,DESPEDIDA,T-039.497.745-7,title_only
clean unified,Planilha UNA.xlsx,Relatório UBEM - Canal Brasil,Despedida,Evandro Vedovelli,DESPEDIDA,T-039.497.745-7,title_only
clean unified,Planilha UNA.xlsx,Relatório UBEM - Canal Brasil,Despedida,Evandro Vedovelli,DESPEDIDA,T-039.497.745-7,title_only
clean unified,Planilha UNA.xlsx,Relatório UBEM - Canal Brasil,Despedida,Evandro Vedovelli,DESPEDIDA,T-039.497.745-7,title_only
clean unified,Planilha UNA.xlsx,Relatório UBEM - Canal Brasil,Despedida,Evandro Vedovelli,DESPEDIDA,T-039.497.745-7,title_only
clean unified,Planilha UNA.xlsx,Relatório UBEM - Canal Brasil,Retrato,Evandro Vedovelli,RETRATO,,title_only
clean unified,Planilha UNA.xlsx,Relatório UBEM - Canal Brasil,Retrato,Evandro Vedovelli,RETRATO,,title_only
clean unified,Planilha UNA.xlsx,Relatório UBEM - Canal Brasil,Retrato,Evandro Vedovelli,RETRATO,,title_only
clean unified,Planilha UNA.xlsx,Relatório UBEM - Canal Brasil,Retrato,Evandro Vedovelli,RETRATO,,title_only
clean unified,Planilha UNA.xlsx,Relatório UBEM - Canal Brasil,Retrato,Evandro Vedovelli,RETRATO,,title_only
clean unified,Planilha UNA.xlsx,Relatório UBEM - Canal Brasil,Medo,"13.7,Chico Chico",MEDO,T-039.497.778-6,title_only
clean unified,Planilha UNA.xlsx,Relatório UBEM - Canal Brasil,Medo,"13.7,Chico Chico",MEDO,,title_only
clean unified,Planilha UNA.xlsx,Relatório UBEM - Canal Brasil,Medo,"13.7,Chico Chico",MEDO,T-039.497.778-6,title_only
clean unified,Planilha UNA.xlsx,Relatório UBEM - Canal Brasil,Medo,"13.7,Chico Chico",MEDO,,title_only
clean unified,Planilha UNA.xlsx,Relatório UBEM - Canal Brasil,Medo,"13.7,Chico Chico",MEDO,T-039.497.778-6,title_only
clean unified,Planilha UNA.xlsx,Relatório UBEM - Canal Brasil,Medo,"13.7,Chico Chico",MEDO,,title_only
clean unified,Planilha UNA.xlsx,Relatório UBEM - Canal Brasil,Praia,"13.7,Chico Chico",PRAIA,,title_only
clean unified,Planilha UNA.xlsx,Relatório UBEM - Canal Brasil,Praia,"13.7,Chico Chico",PRAIA,,title_only
clean unified,Planilha UNA.xlsx,Relatório UBEM - Canal Brasil,Praia,"13.7,Chico Chico",PRAIA,,title_only
clean unified,Planilha UNA.xlsx,Relatório UBEM - Canal Brasil,Sideral,My Magical Glowing Lens,SIDERAL,,title_only
clean unified,Planilha UNA.xlsx,Relatório UBEM - Canal Brasil,Sideral,My Magical Glowing Lens,SIDERAL,,title_only
clean unified,Planilha UNA.xlsx,Relatório UBEM - Canal Brasil,Sideral,My Magical Glowing Lens,SIDERAL,,title_only
clean unified,Planilha UNA.xlsx,Relatório UBEM - Canal Brasil,Exodus,Orquestra Voadora,EXODUS,T-932.547.418-8,title_only
clean unified,Planilha UNA.xlsx,Relatório UBEM - Canal Brasil,Exodus,Orquestra Voadora,EXODUS,T-932.547.418-8,title_only
clean unified,Planilha UNA.xlsx,Relatório UBEM - Canal Brasil,Quem Sabe,"Beatriz Rabello,Paulinho Da Viola",QUEM SABE,,title_only
clean unified,Planilha UNA.xlsx,Relatório UBEM - Canal Brasil,Quem Sabe,"Beatriz Rabello,Paulinho Da Viola",QUEM SABE,,title_only
clean unified,Planilha UNA.xlsx,Relatório UBEM - Canal Brasil,Quem Sabe,"Beatriz Rabello,Paulinho Da Viola",QUEM SABE,,title_only
clean unified,Planilha UNA.xlsx,Relatório UBEM - Canal Brasil,Obsessão,Beatriz Rabello,OBSESSÃO,T-039.632.967-1,title_only
clean unified,Planilha UNA.xlsx,Relatório UBEM - Canal Brasil,Obsessão,Beatriz Rabello,OBSESSÃO,T-039.632.967-1,title_only
clean unified,Planilha UNA.xlsx,Relatório UBEM - Canal Brasil,Obsessão,Beatriz Rabello,OBSESSÃO,T-039.632.967-1,title_only
clean unified,Planilha UNA.xlsx,Relatório UBEM - Canal Brasil,Recomeçar,Beatriz Rabello,RECOMECAR,T-039.311.437-8,title_only
clean unified,Planilha UNA.xlsx,Relatório UBEM - Canal Brasil,Recomeçar,Beatriz Rabello,RECOMEÇAR,T-308.840.890-2,title_only
clean unified,Planilha UNA.xlsx,Relatório UBEM - Canal Brasil,Recomeçar,Beatriz Rabello,RECOMEÇAR,T-316.010.042-1,title_only
clean unified,Planilha UNA.xlsx,Relatório UBEM - Canal Brasil,Recomeçar,Beatriz Rabello,RECOMEÇAR,,title_only
clean unified,Planilha UNA.xlsx,Relatório UBEM - Canal Brasil,Recomeçar,Beatriz Rabello,RECOMECAR,T-039.311.437-8,title_only
clean unified,Planilha UNA.xlsx,Relatório UBEM - Canal Brasil,Recomeçar,Beatriz Rabello,RECOMEÇAR,T-308.840.890-2,title_only
clean unified,Planilha UNA.xlsx,Relatório UBEM - Canal Brasil,Recomeçar,Beatriz Rabello,RECOMEÇAR,T-316.010.042-1,title_only
clean unified,Planilha UNA.xlsx,Relatório UBEM - Canal Brasil,Recomeçar,Beatriz Rabello,RECOMEÇAR,,title_only
clean unified,Planilha UNA.xlsx,Relatório UBEM - Canal Brasil,Recomeçar,Beatriz Rabello,RECOMECAR,T-039.311.437-8,title_only
clean unified,Planilha UNA.xlsx,Relatório UBEM - Canal Brasil,Recomeçar,Beatriz Rabello,RECOMEÇAR,T-308.840.890-2,title_only
clean unified,Planilha UNA.xlsx,Relatório UBEM - Canal Brasil,Recomeçar,Beatriz Rabello,RECOMEÇAR,T-316.010.042-1,title_only
clean unified,Planilha UNA.xlsx,Relatório UBEM - Canal Brasil,Recomeçar,Beatriz Rabello,RECOMEÇAR,,title_only
clean unified,Planilha UNA.xlsx,Relatório UBEM - Canal Brasil,Rockstar,21 Savage,ROCKSTAR,T-039.544.547-2,title_only
clean unified,Planilha UNA.xlsx,Relatório UBEM - Canal Brasil,Rockstar,21 Savage,ROCKSTAR,T-328.312.366-6,title_only
clean unified,Planilha UNA.xlsx,Relatório UBEM - Canal Brasil,Balmain,"Funk Orquestra,Mc Daniel",BALMAIN,,title_only
clean unified,Planilha UNA.xlsx,Relatório UBEM - Canal Brasil,Barbie,"Funk Orquestra,Mc Rebecca",BARBIE,T-321.330.288-2,title_only
clean unified,Planilha UNA.xlsx,Relatório UBEM - Canal Brasil,Marretada Do Thor,"Funk Orquestra,Mc Daniel,Mc Rebecca,Mc Soffia",MARRETADA DO THOR,,title_only
clean unified,Planilha UNA.xlsx,Relatório UBEM - Canal Brasil,Segredo,Kayblack,SEGREDO,T-039.611.383-9,title_only
clean unified,Planilha UNA.xlsx,Relatório UBEM - Canal Brasil,Déjà Vu,Pitty,DÉJÀ VU,T-308.187.765-4,title_only
clean unified,Planilha UNA.xlsx,Relatório UBEM - Canal Brasil,Déjà Vu,Pitty,DÉJÀ VU,T-308.187.765-4,title_only
clean unified,Planilha UNA.xlsx,Relatório UBEM - Canal Brasil,Déjà Vu,Pitty,DÉJÀ VU,T-308.187.765-4,title_only
clean unified,Planilha UNA.xlsx,Relatório UBEM - Canal Brasil,Máscara,Pitty,MÁSCARA,,title_only
clean unified,Planilha UNA.xlsx,Relatório UBEM - Canal Brasil,Máscara,Pitty,MÁSCARA,,title_only
clean unified,Planilha UNA.xlsx,Relatório UBEM - Canal Brasil,Máscara,Pitty,MÁSCARA,,title_only
clean unified,Planilha UNA.xlsx,Relatório UBEM - Canal Brasil,Te Amo,Vanessa Da Mata,TE AMO,,title_only
clean unified,Planilha UNA.xlsx,Relatório UBEM - Canal Brasil,Te Amo,Vanessa Da Mata,TE AMO,,title_only
clean unified,Planilha UNA.xlsx,Relatório UBEM - Canal Brasil,Te Amo,Vanessa Da Mata,TE AMO,,title_only
clean unified,Planilha UNA.xlsx,Relatório UBEM - Canal Brasil,Aqui,Ana Carolina,AQUI,T-039.298.063-0,title_only
clean unified,Planilha UNA.xlsx,Relatório UBEM - Canal Brasil,Aqui,Ana Carolina,AQUI,T-039.298.063-0,title_only
clean unified,Planilha UNA.xlsx,Relatório UBEM - Canal Brasil,Aqui,Ana Carolina,AQUI,T-039.298.063-0,title_only
clean unified,Planilha UNA.xlsx,Relatório UBEM - Canal Brasil,Aqui,Ana Carolina,AQUI,T-039.298.063-0,title_only
clean unified,Planilha UNA.xlsx,Relatório UBEM - Canal Brasil,Confesso,Ana Carolina,CONFESSO,T-324.068.646-4,title_only
clean unified,Planilha UNA.xlsx,Relatório UBEM - Canal Brasil,Confesso,Ana Carolina,CONFESSO,T-324.068.646-4,title_only
clean unified,Planilha UNA.xlsx,Relatório UBEM - Canal Brasil,Confesso,Ana Carolina,CONFESSO,T-324.068.646-4,title_only
clean unified,Planilha UNA.xlsx,Relatório UBEM - Canal Brasil,Confesso,Ana Carolina,CONFESSO,T-324.068.646-4,title_only
clean unified,Planilha UNA.xlsx,Relatório UBEM - Canal Brasil,Tolerância,Ana Carolina,TOLERÂNCIA,T-317.839.732-1,title_only
clean unified,Planilha UNA.xlsx,Relatório UBEM - Canal Brasil,Tolerância,Ana Carolina,TOLERÂNCIA,T-317.839.732-1,title_only
clean unified,Planilha UNA.xlsx,Relatório UBEM - Canal Brasil,Tolerância,Ana Carolina,TOLERÂNCIA,T-317.839.732-1,title_only
clean unified,Planilha UNA.xlsx,Relatório UBEM - Canal Brasil,Tolerância,Ana Carolina,TOLERÂNCIA,T-317.839.732-1,title_only
clean unified,Planilha UNA.xlsx,Relatório UBEM - Canal Brasil,Miragem,Ivete Sangalo,MIRAGEM,T-305.619.017-7,title_only
clean unified,Planilha UNA.xlsx,Relatório UBEM - Canal Brasil,Miragem,Ivete Sangalo,MIRAGEM,,title_only
clean unified,Planilha UNA.xlsx,Relatório UBEM - Canal Brasil,Miragem,Ivete Sangalo,MIRAGEM,T-305.619.017-7,title_only
clean unified,Planilha UNA.xlsx,Relatório UBEM - Canal Brasil,Miragem,Ivete Sangalo,MIRAGEM,,title_only
clean unified,Planilha UNA.xlsx,Relatório UBEM - Canal Brasil,Miragem,Ivete Sangalo,MIRAGEM,T-305.619.017-7,title_only
clean unified,Planilha UNA.xlsx,Relatório UBEM - Canal Brasil,Miragem,Ivete Sangalo,MIRAGEM,,title_only
clean unified,Planilha UNA.xlsx,Relatório UBEM - Canal Brasil,Miragem,Ivete Sangalo,MIRAGEM,T-305.619.017-7,title_only
clean unified,Planilha UNA.xlsx,Relatório UBEM - Canal Brasil,Miragem,Ivete Sangalo,MIRAGEM,,title_only
clean unified,Planilha UNA.xlsx,Relatório UBEM - Canal Brasil,Insônia,Rita Lee,INSÔNIA,T-040.280.608-9,title_only
clean unified,Planilha UNA.xlsx,Relatório UBEM - Canal Brasil,Insônia,Rita Lee,INSÔNIA,T-040.280.608-9,title_only
clean unified,Planilha UNA.xlsx,Relatório UBEM - Canal Brasil,Insônia,Rita Lee,INSÔNIA,T-040.280.608-9,title_only
clean unified,Planilha UNA.xlsx,Relatório UBEM - Canal Brasil,Se Manca,Rita Lee,SE MANCA,T-040.136.004-0,title_only
clean unified,Planilha UNA.xlsx,Relatório UBEM - Canal Brasil,Se Manca,Rita Lee,SE MANCA,T-040.136.004-0,title_only
clean unified,Planilha UNA.xlsx,Relatório UBEM - Canal Brasil,Se Manca,Rita Lee,SE MANCA,T-040.136.004-0,title_only
clean unified,Planilha UNA.xlsx,Relatório UBEM - Canal Brasil,Perfume,Soweto,PERFUME,T-305.215.262-8,title_only
clean unified,Planilha UNA.xlsx,Relatório UBEM - Canal Brasil,Perfume,Soweto,PERFUME,T-305.215.262-8,title_only
clean unified,Planilha UNA.xlsx,Relatório UBEM - Canal Brasil,Perfume,Soweto,PERFUME,T-305.215.262-8,title_only
clean unified,Planilha UNA.xlsx,Relatório UBEM - Canal Brasil,Perfume,Soweto,PERFUME,T-305.215.262-8,title_only
clean unified,Planilha UNA.xlsx,Relatório UBEM - Canal Brasil,Penumbra,"Djonga,Rapaz Do Dread,Sarah Guedes",PENUMBRA,T-040.011.904-1,title_only
clean unified,Planilha UNA.xlsx,Relatório UBEM - Canal Brasil,Penumbra,"Djonga,Rapaz Do Dread,Sarah Guedes",PENUMBRA,T-040.011.904-1,title_only
clean unified,Planilha UNA.xlsx,Relatório UBEM - Canal Brasil,Lua,Nilson Neto,LUA,,title_only
clean unified,Planilha UNA.xlsx,Relatório UBEM - Canal Brasil,Lua,Nilson Neto,LUA,,title_only
clean unified,Planilha UNA.xlsx,Relatório UBEM - Canal Brasil,Lua,Nilson Neto,LUA,,title_only
clean unified,Planilha UNA.xlsx,Relatório UBEM - Canal Brasil,Lua,Nilson Neto,LUA,,title_only
clean unified,Planilha UNA.xlsx,Relatório UBEM - Canal Brasil,Lua,Nilson Neto,LUA,,title_only
clean unified,Planilha UNA.xlsx,Relatório UBEM - Canal Brasil,Lua,Nilson Neto,LUA,,title_only
clean unified,Planilha UNA.xlsx,Relatório UBEM - Canal Brasil,Condor,Prettos,CONDOR,,title_only
clean unified,Planilha UNA.xlsx,Relatório UBEM - Canal Brasil,Condor,Prettos,CONDOR,,title_only
clean unified,Planilha UNA.xlsx,Relatório UBEM - Canal Brasil,Condor,Prettos,CONDOR,,title_only
clean unified,Planilha UNA.xlsx,Relatório UBEM - Canal Brasil,Na Estrada,"Nando Reis,Péricles",NA ESTRADA,T-039.298.060-7,title_only
clean unified,Planilha UNA.xlsx,Relatório UBEM - Canal Brasil,Na Estrada,"Nando Reis,Péricles",NA ESTRADA,T-040.035.482-6,title_only
clean unified,Planilha UNA.xlsx,Relatório UBEM - Canal Brasil,Sem Amor,Giana Mello,SEM AMOR,T-335.550.071-5,title_only
clean unified,Planilha UNA.xlsx,Relatório UBEM - Canal Brasil,Sem Amor,Giana Mello,SEM AMOR,T-335.550.071-5,title_only
clean unified,Planilha UNA.xlsx,Relatório UBEM - Canal Brasil,Sem Amor,Giana Mello,SEM AMOR,T-335.550.071-5,title_only
clean unified,Planilha UNA.xlsx,Relatório UBEM - Canal Brasil,Temporal,Bruna Mendez,TEMPORAL,T-307.003.180-6,title_only
clean unified,Planilha UNA.xlsx,Relatório UBEM - Canal Brasil,Temporal,Bruna Mendez,TEMPORAL,T-307.003.180-6,title_only
clean unified,Planilha UNA.xlsx,Relatório UBEM - Canal Brasil,Temporal,Bruna Mendez,TEMPORAL,T-307.003.180-6,title_only
clean unified,Planilha UNA.xlsx,Relatório UBEM - Canal Brasil,Recaída,"Jon Jon,Kevin O Chris",RECAÍDA,T-322.528.884-2,title_only
clean unified,Planilha UNA.xlsx,Relatório UBEM - Canal Brasil,Recaída,"Jon Jon,Kevin O Chris",RECAÍDA,T-322.528.884-2,title_only
clean unified,Planilha UNA.xlsx,Relatório UBEM - Canal Brasil,Recaída,"Jon Jon,Kevin O Chris",RECAÍDA,T-322.528.884-2,title_only
clean unified,Planilha UNA.xlsx,Relatório UBEM - Canal Brasil,Recaída,"Jon Jon,Kevin O Chris",RECAÍDA,T-322.528.884-2,title_only
clean unified,Planilha UNA.xlsx,Relatório UBEM - Canal Brasil,Recaída,"Jon Jon,Kevin O Chris",RECAÍDA,T-322.528.884-2,title_only
clean unified,Planilha UNA.xlsx,Relatório UBEM - Canal Brasil,Recaída,"Jon Jon,Kevin O Chris",RECAÍDA,T-322.528.884-2,title_only
clean unified,Planilha UNA.xlsx,Relatório UBEM - Canal Brasil,Se Foi,Aninha Portal,SE FOI,T-039.497.697-6,title_only
clean unified,Planilha UNA.xlsx,Relatório UBEM - Canal Brasil,Se Foi,Aninha Portal,SE FOI,T-039.497.697-6,title_only
clean unified,Planilha UNA.xlsx,Relatório UBEM - Canal Brasil,Se Foi,Aninha Portal,SE FOI,T-039.497.697-6,title_only
clean unified,Planilha UNA.xlsx,Relatório UBEM - Canal Brasil,Califórnia,Bruno Schiavo,CALIFORNIA,T-040.397.472-0,title_only
clean unified,Planilha UNA.xlsx,Relatório UBEM - Canal Brasil,Califórnia,Bruno Schiavo,CALIFORNIA,T-040.397.472-0,title_only
clean unified,Planilha UNA.xlsx,Relatório UBEM - Canal Brasil,Califórnia,Bruno Schiavo,CALIFORNIA,T-040.397.472-0,title_only
clean unified,Planilha UNA.xlsx,Relatório UBEM - Canal Brasil,Proposta,Pepê,PROPOSTA,T-313.413.810-2,title_only
clean unified,Planilha UNA.xlsx,Relatório UBEM - Canal Brasil,Proposta,Pepê,PROPOSTA,T-313.413.810-2,title_only
clean unified,Planilha UNA.xlsx,Relatório UBEM - Canal Brasil,Proposta,Pepê,PROPOSTA,T-313.413.810-2,title_only
clean unified,Planilha UNA.xlsx,Relatório UBEM - Canal Brasil,Amanhã,"Ana Vilela,Ráae",AMANHÃ,T-307.004.953-1,title_only
clean unified,Planilha UNA.xlsx,Relatório UBEM - Canal Brasil,Amanhã,"Ana Vilela,Ráae",AMANHÃ,T-307.004.953-1,title_only
clean unified,Planilha UNA.xlsx,Relatório UBEM - Canal Brasil,Amanhã,"Ana Vilela,Ráae",AMANHÃ,T-307.004.953-1,title_only
clean unified,Planilha UNA.xlsx,Relatório UBEM - Canal Brasil,Lua Nova,"Flavia K,Flora Piquerobí",LUA NOVA,T-302.129.848-2,title_only
clean unified,Planilha UNA.xlsx,Relatório UBEM - Canal Brasil,Lua Nova,"Flavia K,Flora Piquerobí",LUA NOVA,T-302.129.848-2,title_only
clean unified,Planilha UNA.xlsx,Relatório UBEM - Canal Brasil,Ela,Clarissa,ELA,T-322.696.235-8,title_only
clean unified,Planilha UNA.xlsx,Relatório UBEM - Canal Brasil,Ela,Clarissa,ELA,T-322.696.235-8,title_only
clean unified,Planilha UNA.xlsx,Relatório UBEM - Canal Brasil,Ela,Clarissa,ELA,T-322.696.235-8,title_only
clean unified,Planilha UNA.xlsx,Relatório UBEM - Canal Brasil,Jeito Diferente,Yuri Corbal,JEITO DIFERENTE,T-317.214.640-2,title_only
clean unified,Planilha UNA.xlsx,Relatório UBEM - Canal Brasil,Jeito Diferente,Yuri Corbal,JEITO DIFERENTE,T-317.214.640-2,title_only
clean unified,Planilha UNA.xlsx,Relatório UBEM - Canal Brasil,Jeito Diferente,Yuri Corbal,JEITO DIFERENTE,T-317.214.640-2,title_only
clean unified,Planilha UNA.xlsx,Relatório UBEM - Canal Brasil,Leve,Pedro Mann,LEVE,T-315.958.048-6,title_only
clean unified,Planilha UNA.xlsx,Relatório UBEM - Canal Brasil,Leve,Pedro Mann,LEVE,,title_only
clean unified,Planilha UNA.xlsx,Relatório UBEM - Canal Brasil,Leve,Pedro Mann,LEVE,T-335.482.970-8,title_only
clean unified,Planilha UNA.xlsx,Relatório UBEM - Canal Brasil,Leve,Pedro Mann,LEVE,T-315.958.048-6,title_only
clean unified,Planilha UNA.xlsx,Relatório UBEM - Canal Brasil,Leve,Pedro Mann,LEVE,,title_only
clean unified,Planilha UNA.xlsx,Relatório UBEM - Canal Brasil,Leve,Pedro Mann,LEVE,T-335.482.970-8,title_only
clean unified,Planilha UNA.xlsx,Relatório UBEM - Canal Brasil,Leve,Pedro Mann,LEVE,T-315.958.048-6,title_only
clean unified,Planilha UNA.xlsx,Relatório UBEM - Canal Brasil,Leve,Pedro Mann,LEVE,,title_only
clean unified,Planilha UNA.xlsx,Relatório UBEM - Canal Brasil,Leve,Pedro Mann,LEVE,T-335.482.970-8,title_only
clean unified,Planilha UNA.xlsx,Relatório UBEM - Canal Brasil,Saudade,Breno Miranda,SAUDADE,T-306.509.964-7,title_only
clean unified,Planilha UNA.xlsx,Relatório UBEM - Canal Brasil,Saudade,Breno Miranda,SAUDADE,T-039.751.632-3,title_only
clean unified,Planilha UNA.xlsx,Relatório UBEM - Canal Brasil,Saudade,Breno Miranda,SAUDADE,,title_only
clean unified,Planilha UNA.xlsx,Relatório UBEM - Canal Brasil,Saudade,Breno Miranda,SAUDADE,T-305.264.938-0,title_only
clean unified,Planilha UNA.xlsx,Relatório UBEM - Canal Brasil,Saudade,Breno Miranda,SAUDADE,T-306.509.964-7,title_only
clean unified,Planilha UNA.xlsx,Relatório UBEM - Canal Brasil,Saudade,Breno Miranda,SAUDADE,T-039.751.632-3,title_only
clean unified,Planilha UNA.xlsx,Relatório UBEM - Canal Brasil,Saudade,Breno Miranda,SAUDADE,,title_only
clean unified,Planilha UNA.xlsx,Relatório UBEM - Canal Brasil,Saudade,Breno Miranda,SAUDADE,T-305.264.938-0,title_only
clean unified,Planilha UNA.xlsx,Relatório UBEM - Canal Brasil,Saudade,Breno Miranda,SAUDADE,T-306.509.964-7,title_only
clean unified,Planilha UNA.xlsx,Relatório UBEM - Canal Brasil,Saudade,Breno Miranda,SAUDADE,T-039.751.632-3,title_only
clean unified,Planilha UNA.xlsx,Relatório UBEM - Canal Brasil,Saudade,Breno Miranda,SAUDADE,,title_only
clean unified,Planilha UNA.xlsx,Relatório UBEM - Canal Brasil,Saudade,Breno Miranda,SAUDADE,T-305.264.938-0,title_only
clean unified,Planilha UNA.xlsx,Relatório UBEM - Canal Brasil,Ela,Lala Dias,ELA,T-322.696.235-8,title_only
clean unified,Planilha UNA.xlsx,Relatório UBEM - Canal Brasil,Ela,Lala Dias,ELA,T-322.696.235-8,title_only
clean unified,Planilha UNA.xlsx,Relatório UBEM - Canal Brasil,Ela,Lala Dias,ELA,T-322.696.235-8,title_only
clean unified,Planilha UNA.xlsx,Relatório UBEM - Canal Brasil,Sampa,Caetano Veloso,SAMPA,,title_only
clean unified,Planilha UNA.xlsx,Relatório UBEM - Canal Brasil,Sampa,Caetano Veloso,SAMPA,,title_only
clean unified,Planilha UNA.xlsx,Relatório UBEM - Canal Brasil,Sampa,Caetano Veloso,SAMPA,,title_only
clean unified,Planilha UNA.xlsx,Relatório UBEM - Canal Brasil,Carcará,Otto,CARCARA,T-040.347.911-7,title_only
clean unified,Planilha UNA.xlsx,Relatório UBEM - Canal Brasil,Carcará,Otto,CARCARÁ,T-308.468.519-4,title_only
clean unified,Planilha UNA.xlsx,Relatório UBEM - Canal Brasil,Felicidade,Outro Eu,FELICIDADE,,title_only
clean unified,Planilha UNA.xlsx,Relatório UBEM - Canal Brasil,Felicidade,Outro Eu,FELICIDADE,,title_only
clean unified,Planilha UNA.xlsx,Relatório UBEM - Canal Brasil,Felicidade,Outro Eu,FELICIDADE,,title_only
clean unified,Planilha UNA.xlsx,Relatório UBEM - Canal Brasil,Felicidade,Outro Eu,FELICIDADE,,title_only
clean unified,Planilha UNA.xlsx,Relatório UBEM - Canal Brasil,Girassol,Rosa De Saron,GIRASSOL,T-335.572.256-0,title_only
clean unified,Planilha UNA.xlsx,Relatório UBEM - Canal Brasil,Ave Maria,Jorge Aragao,AVE MARIA,T-040.076.547-0,title_only
clean unified,Planilha UNA.xlsx,Relatório UBEM - Canal Brasil,Identidade,Jorge Aragao,IDENTIDADE,T-039.497.763-9,title_only
clean unified,Planilha UNA.xlsx,Relatório UBEM - Canal Brasil,Baile De Favela,"Dj R7,Mc Joao",BAILE DE FAVELA,T-303.383.693-6,title_only
clean unified,Planilha UNA.xlsx,Relatório UBEM - Canal Brasil,Girassol,Rebeca Andrade,GIRASSOL,T-335.572.256-0,title_only
clean unified,Planilha UNA.xlsx,Relatório UBEM - Canal Brasil,Nao Olhe Pra Tras,Não identificado,NÃO OLHE PRA TRÁS,T-305.623.719-1,title_only
clean unified,Planilha UNA.xlsx,Relatório UBEM - Canal Brasil,Mantra,Não identificado,MANTRA,T-301.577.149-6,title_only
clean unified,Planilha UNA.xlsx,Relatório UBEM - Canal Brasil,Contra Mao,Não identificado,CONTRA MÃO,,title_only
clean unified,Planilha UNA.xlsx,Relatório UBEM - Canal Brasil,America,Não identificado,AMERICA,T-039.497.748-0,title_only
clean unified,Planilha UNA.xlsx,Relatório UBEM - Canal Brasil,Ave Maria,Não identificado,AVE MARIA,T-040.076.547-0,title_only
clean unified,Planilha UNA.xlsx,Relatório UBEM - Canal Brasil,Ave Maria,Não identificado,AVE MARIA,T-040.076.547-0,title_only
clean unified,Planilha UNA.xlsx,Relatório UBEM - Canal Brasil,Luz,Djavan,LUZ,T-040.285.617-0,title_only
clean unified,Planilha UNA.xlsx,Relatório UBEM - Canal Brasil,Luz,Djavan,LUZ,,title_only
clean unified,Planilha UNA.xlsx,Relatório UBEM - Canal Brasil,Luz,Djavan,LUZ,T-040.279.887-1,title_only
clean unified,Planilha UNA.xlsx,Relatório UBEM - Canal Brasil,Andarilho,Majur,ANDARILHO,T-330.191.305-9,title_only
clean unified,Planilha UNA.xlsx,Relatório UBEM - Canal Brasil,Andarilho,Majur,ANDARILHO,T-330.191.305-9,title_only
clean unified,Planilha UNA.xlsx,Relatório UBEM - Canal Brasil,Andarilho,Majur,ANDARILHO,T-330.191.305-9,title_only
clean unified,Planilha UNA.xlsx,Relatório UBEM - Canal Brasil,Andarilho,Majur,ANDARILHO,T-330.191.305-9,title_only
clean unified,Planilha UNA.xlsx,Relatório UBEM - Canal Brasil,Andarilho,Majur,ANDARILHO,T-330.191.305-9,title_only
clean unified,Planilha UNA.xlsx,Relatório UBEM - Canal Brasil,Andarilho,Majur,ANDARILHO,T-330.191.305-9,title_only
clean unified,Planilha UNA.xlsx,Relatório UBEM - Canal Brasil,Coisas Que Eu Sei,Majur,COISAS QUE EU SEI,T-042.615.531-8,title_only
clean unified,Planilha UNA.xlsx,Relatório UBEM - Canal Brasil,Coisas Que Eu Sei,Majur,COISAS QUE EU SEI,T-042.615.531-8,title_only
clean unified,Planilha UNA.xlsx,Relatório UBEM - Canal Brasil,Coisas Que Eu Sei,Majur,COISAS QUE EU SEI,T-042.615.531-8,title_only
clean unified,Planilha UNA.xlsx,Relatório UBEM - Canal Brasil,Coisas Que Eu Sei,Majur,COISAS QUE EU SEI,T-042.615.531-8,title_only
clean unified,Planilha UNA.xlsx,Relatório UBEM - Canal Brasil,Coisas Que Eu Sei,Majur,COISAS QUE EU SEI,T-042.615.531-8,title_only
clean unified,Planilha UNA.xlsx,Relatório UBEM - Canal Brasil,Coisas Que Eu Sei,Majur,COISAS QUE EU SEI,T-042.615.531-8,title_only
clean unified,Planilha UNA.xlsx,Relatório UBEM - Canal Brasil,Luz,Djavan,LUZ,T-040.285.617-0,title_only
clean unified,Planilha UNA.xlsx,Relatório UBEM - Canal Brasil,Luz,Djavan,LUZ,,title_only
clean unified,Planilha UNA.xlsx,Relatório UBEM - Canal Brasil,Luz,Djavan,LUZ,T-040.279.887-1,title_only
clean unified,Planilha UNA.xlsx,Relatório UBEM - Canal Brasil,Luz,Djavan,LUZ,T-040.285.617-0,title_only
clean unified,Planilha UNA.xlsx,Relatório UBEM - Canal Brasil,Luz,Djavan,LUZ,,title_only
clean unified,Planilha UNA.xlsx,Relatório UBEM - Canal Brasil,Luz,Djavan,LUZ,T-040.279.887-1,title_only
clean unified,Planilha UNA.xlsx,Relatório UBEM - Canal Brasil,Luz,Djavan,LUZ,T-040.285.617-0,title_only
clean unified,Planilha UNA.xlsx,Relatório UBEM - Canal Brasil,Luz,Djavan,LUZ,,title_only
clean unified,Planilha UNA.xlsx,Relatório UBEM - Canal Brasil,Luz,Djavan,LUZ,T-040.279.887-1,title_only
clean unified,Planilha UNA.xlsx,Relatório UBEM - Canal Brasil,Luz,Djavan,LUZ,T-040.285.617-0,title_only
clean unified,Planilha UNA.xlsx,Relatório UBEM - Canal Brasil,Luz,Djavan,LUZ,,title_only
clean unified,Planilha UNA.xlsx,Relatório UBEM - Canal Brasil,Luz,Djavan,LUZ,T-040.279.887-1,title_only
clean unified,Planilha UNA.xlsx,Relatório UBEM - Canal Brasil,Luz,Djavan,LUZ,T-040.285.617-0,title_only
clean unified,Planilha UNA.xlsx,Relatório UBEM - Canal Brasil,Luz,Djavan,LUZ,,title_only
clean unified,Planilha UNA.xlsx,Relatório UBEM - Canal Brasil,Luz,Djavan,LUZ,T-040.279.887-1,title_only
clean unified,Planilha UNA.xlsx,Relatório UBEM - Canal Brasil,Luz,Djavan,LUZ,T-040.285.617-0,title_only
clean unified,Planilha UNA.xlsx,Relatório UBEM - Canal Brasil,Luz,Djavan,LUZ,,title_only
clean unified,Planilha UNA.xlsx,Relatório UBEM - Canal Brasil,Luz,Djavan,LUZ,T-040.279.887-1,title_only
clean unified,Planilha UNA.xlsx,Relatório UBEM - Canal Brasil,Simbolo Da Paz,Ventania,SÍMBOLO DA PAZ,,title_only
clean unified,Planilha UNA.xlsx,Relatório UBEM - Canal Brasil,Essa É Pra Você,Arthur Espindola,ESSA É PRA VOCE,T-040.048.737-7,title_only
clean unified,Planilha UNA.xlsx,Relatório UBEM - Canal Brasil,Vermelho,Chico Da Silva,VERMELHO,T-313.315.106-7,title_only
clean unified,Planilha UNA.xlsx,Relatório UBEM - Canal Brasil,Andarilho,Majur,ANDARILHO,T-330.191.305-9,title_only
clean unified,Planilha UNA.xlsx,Relatório UBEM - Canal Brasil,Andarilho,Majur,ANDARILHO,T-330.191.305-9,title_only
clean unified,Planilha UNA.xlsx,Relatório UBEM - Canal Brasil,Ô Sorte,Mosquito,Ô SORTE,T-305.413.482-2,title_only
clean unified,Planilha UNA.xlsx,Relatório UBEM - Canal Brasil,Felicidade,"Laura Lavieri,Marcelo Jeneci",FELICIDADE,,title_only
clean unified,Planilha UNA.xlsx,Relatório UBEM - Canal Brasil,Felicidade,"Laura Lavieri,Marcelo Jeneci",FELICIDADE,,title_only
clean unified,Planilha UNA.xlsx,Relatório UBEM - Canal Brasil,Felicidade,Seu Jorge,FELICIDADE,,title_only
clean unified,Planilha UNA.xlsx,Relatório UBEM - Canal Brasil,Felicidade,Seu Jorge,FELICIDADE,,title_only
clean unified,Planilha UNA.xlsx,Relatório UBEM - Canal Brasil,Felicidade,Seu Jorge,FELICIDADE,,title_only
clean unified,Planilha UNA.xlsx,Relatório UBEM - Canal Brasil,Maliciosa,Ludmilla,MALICIOSA,T-308.115.017-2,title_only
clean unified,Planilha UNA.xlsx,Relatório UBEM - Canal Brasil,Breakdown,Jack Johnson,BREAKDOWN,T-316.329.272-2,title_only
clean unified,Planilha UNA.xlsx,Relatório UBEM - Canal Brasil,Breakdown,Jack Johnson,BREAKDOWN,T-316.329.272-2,title_only
clean unified,Planilha UNA.xlsx,Relatório UBEM - Canal Brasil,Corpo Fechado,Alcione,CORPO FECHADO,T-313.688.630-7,title_only
clean unified,Planilha UNA.xlsx,Relatório UBEM - Canal Brasil,Verdade,Evaldo Macarrão,VERDADE,T-302.003.913-4,title_only
clean unified,Planilha UNA.xlsx,Relatório UBEM - Canal Brasil,Verdade,Evaldo Macarrão,VERDADE,T-302.003.913-4,title_only
clean unified,Planilha UNA.xlsx,Relatório UBEM - Canal Brasil,Verdade,Evaldo Macarrão,VERDADE,T-302.003.913-4,title_only
clean unified,Planilha UNA.xlsx,Relatório UBEM - Canal Brasil,Fogueira,Ed Gama,FOGUEIRA,,title_only
clean unified,Planilha UNA.xlsx,Relatório UBEM - Canal Brasil,Quem É Essa Menina De Vermelho,Gloria Groove,QUEM É ESSA MENINA DE VERMELHO,,title_only
clean unified,Planilha UNA.xlsx,Relatório UBEM - Canal Brasil,Criminal,Lorran Soares,CRIMINAL,T-932.737.486-7,title_only
clean unified,Planilha UNA.xlsx,Relatório UBEM - Canal Brasil,Criminal,Lorran Soares,CRIMINAL,T-932.737.486-7,title_only
clean unified,Planilha UNA.xlsx,Relatório UBEM - Canal Brasil,Criminal,Lorran Soares,CRIMINAL,T-932.737.486-7,title_only
clean unified,Planilha UNA.xlsx,Relatório UBEM - Canal Brasil,Criminal,Lorran Soares,CRIMINAL,T-932.737.486-7,title_only
clean unified,Planilha UNA.xlsx,Relatório UBEM - Canal Brasil,Dança Do Pombo,Mc Faisca,DANÇA DO POMBO,T-315.906.851-2,title_only
clean unified,Planilha UNA.xlsx,Relatório UBEM - Canal Brasil,Dança Do Pombo,Mc Faisca,DANÇA DO POMBO,T-315.906.851-2,title_only
clean unified,Planilha UNA.xlsx,Relatório UBEM - Canal Brasil,Dança Do Pombo,Mc Faisca,DANÇA DO POMBO,T-315.906.851-2,title_only
clean unified,Planilha UNA.xlsx,Relatório UBEM - Canal Brasil,Dança Do Pombo,Mc Faisca,DANÇA DO POMBO,T-315.906.851-2,title_only
clean unified,Planilha UNA.xlsx,Relatório UBEM - Canal Brasil,Dança Do Pombo,Mc Faisca,DANÇA DO POMBO,T-315.906.851-2,title_only
clean unified,Planilha UNA.xlsx,Relatório UBEM - Canal Brasil,Dança Do Pombo,Mc Faisca,DANÇA DO POMBO,T-315.906.851-2,title_only
clean unified,Planilha UNA.xlsx,Relatório UBEM - Canal Brasil,Together,She & Him,TOGETHER,,title_only
clean unified,Planilha UNA.xlsx,Relatório UBEM - Canal Brasil,Together,She & Him,TOGETHER,,title_only
clean unified,Planilha UNA.xlsx,Relatório UBEM - Canal Brasil,Summertime,"Modern Jazz Quartet, The",SUMMERTIME,T-317.793.940-7,title_only
clean unified,Planilha UNA.xlsx,Relatório UBEM - Canal Brasil,Summertime,"Modern Jazz Quartet, The",SUMMERTIME,T-317.793.940-7,title_only
clean unified,Planilha UNA.xlsx,Relatório UBEM - Canal Brasil,Máquina Do Tempo,Matuê,MAQUINA DO TEMPO,T-040.341.279-2,title_only
clean unified,Planilha UNA.xlsx,Relatório UBEM - Canal Brasil,Máquina Do Tempo,Matuê,MÁQUINA DO TEMPO,T-301.567.051-2,title_only
clean unified,Planilha UNA.xlsx,Relatório UBEM - Canal Brasil,Máquina Do Tempo,Matuê,MAQUINA DO TEMPO,T-040.341.279-2,title_only
clean unified,Planilha UNA.xlsx,Relatório UBEM - Canal Brasil,Máquina Do Tempo,Matuê,MÁQUINA DO TEMPO,T-301.567.051-2,title_only
clean unified,Planilha UNA.xlsx,Relatório UBEM - Canal Brasil,Máquina Do Tempo,Matuê,MAQUINA DO TEMPO,T-040.341.279-2,title_only
clean unified,Planilha UNA.xlsx,Relatório UBEM - Canal Brasil,Máquina Do Tempo,Matuê,MÁQUINA DO TEMPO,T-301.567.051-2,title_only
clean unified,Planilha UNA.xlsx,Relatório UBEM - Canal Brasil,Máquina Do Tempo,Matuê,MAQUINA DO TEMPO,T-040.341.279-2,title_only
clean unified,Planilha UNA.xlsx,Relatório UBEM - Canal Brasil,Máquina Do Tempo,Matuê,MÁQUINA DO TEMPO,T-301.567.051-2,title_only
clean unified,Planilha UNA.xlsx,Relatório UBEM - Canal Brasil,Rockstar,21 Savage,ROCKSTAR,T-039.544.547-2,title_only
clean unified,Planilha UNA.xlsx,Relatório UBEM - Canal Brasil,Rockstar,21 Savage,ROCKSTAR,T-328.312.366-6,title_only
clean unified,Planilha UNA.xlsx,Relatório UBEM - Canal Brasil,Rockstar,21 Savage,ROCKSTAR,T-039.544.547-2,title_only
clean unified,Planilha UNA.xlsx,Relatório UBEM - Canal Brasil,Rockstar,21 Savage,ROCKSTAR,T-328.312.366-6,title_only
clean unified,Planilha UNA.xlsx,Relatório UBEM - Canal Brasil,Rockstar,21 Savage,ROCKSTAR,T-039.544.547-2,title_only
clean unified,Planilha UNA.xlsx,Relatório UBEM - Canal Brasil,Rockstar,21 Savage,ROCKSTAR,T-328.312.366-6,title_only
clean unified,Planilha UNA.xlsx,Relatório UBEM - Canal Brasil,Rockstar,21 Savage,ROCKSTAR,T-039.544.547-2,title_only
clean unified,Planilha UNA.xlsx,Relatório UBEM - Canal Brasil,Rockstar,21 Savage,ROCKSTAR,T-328.312.366-6,title_only
clean unified,Planilha UNA.xlsx,Relatório UBEM - Canal Brasil,Máscara,Pitty,MÁSCARA,,title_only
clean unified,Planilha UNA.xlsx,Relatório UBEM - Canal Brasil,Máscara,Pitty,MÁSCARA,,title_only
clean unified,Planilha UNA.xlsx,Relatório UBEM - Canal Brasil,Máscara,Pitty,MÁSCARA,,title_only
clean unified,Planilha UNA.xlsx,Relatório UBEM - Canal Brasil,Máscara,Pitty,MÁSCARA,,title_only
clean unified,Planilha UNA.xlsx,Relatório UBEM - Canal Brasil,Mantém,Pra Sempre Trap,MANTÉM,T-931.477.304-1,title_only
clean unified,Planilha UNA.xlsx,Relatório UBEM - Canal Brasil,Mantém,Pra Sempre Trap,MANTÉM,T-931.477.304-1,title_only
clean unified,Planilha UNA.xlsx,Relatório UBEM - Canal Brasil,Mantém,Pra Sempre Trap,MANTÉM,T-931.477.304-1,title_only
clean unified,Planilha UNA.xlsx,Relatório UBEM - Canal Brasil,Mantém,Pra Sempre Trap,MANTÉM,T-931.477.304-1,title_only
clean unified,Planilha UNA.xlsx,Relatório UBEM - Canal Brasil,Me Perdoa,Ferrugem,ME PERDOA,,title_only
clean unified,Planilha UNA.xlsx,Relatório UBEM - Canal Brasil,Vermelho,Gloria Groove,VERMELHO,T-313.315.106-7,title_only
clean unified,Planilha UNA.xlsx,Relatório UBEM - Canal Brasil,Astronauta,"Gabriel O Pensador,Lulu Santos",ASTRONAUTA,T-306.794.336-2,title_only
clean unified,Planilha UNA.xlsx,Relatório UBEM - Canal Brasil,Máquina Do Tempo,Matuê,MAQUINA DO TEMPO,T-040.341.279-2,title_only
clean unified,Planilha UNA.xlsx,Relatório UBEM - Canal Brasil,Máquina Do Tempo,Matuê,MÁQUINA DO TEMPO,T-301.567.051-2,title_only
clean unified,Planilha UNA.xlsx,Relatório UBEM - Canal Brasil,Fama,"Luisa Sonza,Pedro Sampaio",FAMA,T-324.681.088-4,title_only
clean unified,Planilha UNA.xlsx,Relatório UBEM - Canal Brasil,Verdade,Zeca Pagodinho,VERDADE,T-302.003.913-4,title_only
clean unified,Planilha UNA.xlsx,Relatório UBEM - Canal Brasil,Beijinho No Ombro,Valesca Popozuda,BEIJINHO NO OMBRO,T-311.569.064-3,title_only
clean unified,Planilha UNA.xlsx,Relatório UBEM - Canal Brasil,Amigo,Banda Lady Night,AMIGO,,title_only
clean unified,Planilha UNA.xlsx,Relatório UBEM - Canal Brasil,Amigo,Banda Lady Night,AMIGO,,title_only
clean unified,Planilha UNA.xlsx,Relatório UBEM - Canal Brasil,Amigo,Banda Lady Night,AMIGO,,title_only
clean unified,Planilha UNA.xlsx,Relatório UBEM - Canal Brasil,Mulheres,Talita Werneck,MULHERES,T-330.488.001-7,title_only
clean unified,Planilha UNA.xlsx,Relatório UBEM - Canal Brasil,Fake News,Gustavo Mioto,FAKE NEWS,T-306.076.018-7,title_only
clean unified,Planilha UNA.xlsx,Relatório UBEM - Canal Brasil,Fake News,Gustavo Mioto,FAKE NEWS,,title_only
clean unified,Planilha UNA.xlsx,Relatório UBEM - Canal Brasil,Fake News,Gustavo Mioto,FAKE NEWS,T-306.076.018-7,title_only
clean unified,Planilha UNA.xlsx,Relatório UBEM - Canal Brasil,Fake News,Gustavo Mioto,FAKE NEWS,,title_only
clean unified,Planilha UNA.xlsx,Relatório UBEM - Canal Brasil,Fake News,Gustavo Mioto,FAKE NEWS,T-306.076.018-7,title_only
clean unified,Planilha UNA.xlsx,Relatório UBEM - Canal Brasil,Fake News,Gustavo Mioto,FAKE NEWS,,title_only
clean unified,Planilha UNA.xlsx,Relatório UBEM - Canal Brasil,Mantra,Mumuzinho,MANTRA,T-301.577.149-6,title_only
clean unified,Planilha UNA.xlsx,Relatório UBEM - Canal Brasil,Mantra,Mumuzinho,MANTRA,T-301.577.149-6,title_only
clean unified,Planilha UNA.xlsx,Relatório UBEM - Canal Brasil,Mantra,Mumuzinho,MANTRA,T-301.577.149-6,title_only
clean unified,Planilha UNA.xlsx,Relatório UBEM - Canal Brasil,Mantra,Mumuzinho,MANTRA,T-301.577.149-6,title_only
clean unified,Planilha UNA.xlsx,Relatório UBEM - Canal Brasil,Mantra,Mumuzinho,MANTRA,T-301.577.149-6,title_only
clean unified,Planilha UNA.xlsx,Relatório UBEM - Canal Brasil,Mantra,Mumuzinho,MANTRA,T-301.577.149-6,title_only
clean unified,Planilha UNA.xlsx,Relatório UBEM - Canal Brasil,Corda Bamba,"Ivete Sangalo,Iza",CORDA BAMBA,T-335.571.849-5,title_only
clean unified,Planilha UNA.xlsx,Relatório UBEM - Canal Brasil,Corda Bamba,"Ivete Sangalo,Iza",CORDA BAMBA,T-335.571.849-5,title_only
clean unified,Planilha UNA.xlsx,Relatório UBEM - Canal Brasil,Terremoto,"Anitta,Mc Kevinho",TERREMOTO,T-307.297.647-3,title_only
clean unified,Planilha UNA.xlsx,Relatório UBEM - Canal Brasil,Terremoto,"Anitta,Mc Kevinho",TERREMOTO,T-307.297.647-3,title_only
clean unified,Planilha UNA.xlsx,Relatório UBEM - Canal Brasil,Terremoto,"Anitta,Mc Kevinho",TERREMOTO,T-307.297.647-3,title_only
clean unified,Planilha UNA.xlsx,Relatório UBEM - Canal Brasil,Terremoto,"Anitta,Mc Kevinho",TERREMOTO,T-307.297.647-3,title_only
clean unified,Planilha UNA.xlsx,Relatório UBEM - Canal Brasil,Malandramente,"Dennis Dj,Nandinho,Nego Bam",MALANDRAMENTE,T-308.115.009-2,title_only
clean unified,Planilha UNA.xlsx,Relatório UBEM - Canal Brasil,Malandramente,"Dennis Dj,Nandinho,Nego Bam",MALANDRAMENTE,T-308.115.009-2,title_only
clean unified,Planilha UNA.xlsx,Relatório UBEM - Canal Brasil,Malandramente,"Dennis Dj,Nandinho,Nego Bam",MALANDRAMENTE,T-308.115.009-2,title_only
clean unified,Planilha UNA.xlsx,Relatório UBEM - Canal Brasil,Malandramente,"Dennis Dj,Nandinho,Nego Bam",MALANDRAMENTE,T-308.115.009-2,title_only
clean unified,Planilha UNA.xlsx,Relatório UBEM - Canal Brasil,Combate,"Aldair Playboy,Mc Wm",COMBATE,T-306.803.836-4,title_only
clean unified,Planilha UNA.xlsx,Relatório UBEM - Canal Brasil,Combate,"Aldair Playboy,Mc Wm",COMBATE,T-306.803.836-4,title_only
clean unified,Planilha UNA.xlsx,Relatório UBEM - Canal Brasil,Combate,"Aldair Playboy,Mc Wm",COMBATE,T-306.803.836-4,title_only
clean unified,Planilha UNA.xlsx,Relatório UBEM - Canal Brasil,Terremoto,"Anitta,Mc Kevinho",TERREMOTO,T-307.297.647-3,title_only
clean unified,Planilha UNA.xlsx,Relatório UBEM - Canal Brasil,Terremoto,"Anitta,Mc Kevinho",TERREMOTO,T-307.297.647-3,title_only
clean unified,Planilha UNA.xlsx,Relatório UBEM - Canal Brasil,Terremoto,"Anitta,Mc Kevinho",TERREMOTO,T-307.297.647-3,title_only
clean unified,Planilha UNA.xlsx,Relatório UBEM - Canal Brasil,Beijinho No Ombro,Valesca Popozuda,BEIJINHO NO OMBRO,T-311.569.064-3,title_only
clean unified,Planilha UNA.xlsx,Relatório UBEM - Canal Brasil,Treme Treme,"As Gêmeas Lacração,Mc Loma",TREME TREME,,title_only
clean unified,Planilha UNA.xlsx,Relatório UBEM - Canal Brasil,Inquilino,Naiara Azevedo Part. Zé Neto & Cristiano,INQUILINO,T-315.996.161-8,title_only
clean unified,Planilha UNA.xlsx,Relatório UBEM - Canal Brasil,Inquilino,Naiara Azevedo Part. Zé Neto & Cristiano,INQUILINO,T-315.996.161-8,title_only
clean unified,Planilha UNA.xlsx,Relatório UBEM - Canal Brasil,Inquilino,Naiara Azevedo Part. Zé Neto & Cristiano,INQUILINO,T-315.996.161-8,title_only
clean unified,Planilha UNA.xlsx,Relatório UBEM - Canal Brasil,Beijinho No Ombro,Rodrigo Sant'anna,BEIJINHO NO OMBRO,T-311.569.064-3,title_only
clean unified,Planilha UNA.xlsx,Relatório UBEM - Canal Brasil,Beijinho No Ombro,Valesca Popozuda,BEIJINHO NO OMBRO,T-311.569.064-3,title_only
clean unified,Planilha UNA.xlsx,Relatório UBEM - Canal Brasil,Beijinho No Ombro,Valesca Popozuda,BEIJINHO NO OMBRO,T-311.569.064-3,title_only
clean unified,Planilha UNA.xlsx,Relatório UBEM - Canal Brasil,Beijinho No Ombro,Valesca Popozuda,BEIJINHO NO OMBRO,T-311.569.064-3,title_only
clean unified,Planilha UNA.xlsx,Relatório UBEM - Canal Brasil,Corda Bamba,Iza,CORDA BAMBA,T-335.571.849-5,title_only
clean unified,Planilha UNA.xlsx,Relatório UBEM - Canal Brasil,Corda Bamba,Iza,CORDA BAMBA,T-335.571.849-5,title_only
clean unified,Planilha UNA.xlsx,Relatório UBEM - Canal Brasil,Corda Bamba,Iza,CORDA BAMBA,T-335.571.849-5,title_only
clean unified,Planilha UNA.xlsx,Relatório UBEM - Canal Brasil,Dança Do Maxixe,Companhia Do Pagode,DANÇA DO MAXIXE,,title_only
clean unified,Planilha UNA.xlsx,Relatório UBEM - Canal Brasil,Dança Do Maxixe,Companhia Do Pagode,DANÇA DO MAXIXE,,title_only
clean unified,Planilha UNA.xlsx,Relatório UBEM - Canal Brasil,Dança Do Maxixe,Companhia Do Pagode,DANÇA DO MAXIXE,,title_only
clean unified,Planilha UNA.xlsx,Relatório UBEM - Canal Brasil,Fuleragem,Mc Wm,FULERAGEM,T-305.214.250-0,title_only
clean unified,Planilha UNA.xlsx,Relatório UBEM - Canal Brasil,Fuleragem,Mc Wm,FULERAGEM,T-305.214.250-0,title_only
clean unified,Planilha UNA.xlsx,Relatório UBEM - Canal Brasil,Fuleragem,Mc Wm,FULERAGEM,T-305.214.250-0,title_only
clean unified,Planilha UNA.xlsx,Relatório UBEM - Canal Brasil,Treme Treme,"As Gêmeas Lacração,Mc Loma",TREME TREME,,title_only
clean unified,Planilha UNA.xlsx,Relatório UBEM - Canal Brasil,Treme Treme,"As Gêmeas Lacração,Mc Loma",TREME TREME,,title_only
clean unified,Planilha UNA.xlsx,Relatório UBEM - Canal Brasil,Treme Treme,"As Gêmeas Lacração,Mc Loma",TREME TREME,,title_only
clean unified,Planilha UNA.xlsx,Relatório UBEM - Canal Brasil,Fuleragem,Mc Wm,FULERAGEM,T-305.214.250-0,title_only
clean unified,Planilha UNA.xlsx,Relatório UBEM - Canal Brasil,Fuleragem,Mc Wm,FULERAGEM,T-305.214.250-0,title_only
clean unified,Planilha UNA.xlsx,Relatório UBEM - Canal Brasil,Fuleragem,Mc Wm,FULERAGEM,T-305.214.250-0,title_only
clean unified,Planilha UNA.xlsx,Relatório UBEM - Canal Brasil,Fuleragem,Mc Wm,FULERAGEM,T-305.214.250-0,title_only
clean unified,Planilha UNA.xlsx,Relatório UBEM - Canal Brasil,Sentou E Gostou,"Dj Rd,Mc Jottapê,Mc M10",SENTOU E GOSTOU,T-303.761.734-4,title_only
clean unified,Planilha UNA.xlsx,Relatório UBEM - Canal Brasil,Sentou E Gostou,"Dj Rd,Mc Jottapê,Mc M10",SENTOU E GOSTOU,T-303.761.734-4,title_only
clean unified,Planilha UNA.xlsx,Relatório UBEM - Canal Brasil,Sentou E Gostou,"Dj Rd,Mc Jottapê,Mc M10",SENTOU E GOSTOU,T-303.761.734-4,title_only
clean unified,Planilha UNA.xlsx,Relatório UBEM - Canal Brasil,Sentou E Gostou,"Dj Rd,Mc Jottapê,Mc M10",SENTOU E GOSTOU,T-303.761.734-4,title_only
clean unified,Planilha UNA.xlsx,Relatório UBEM - Canal Brasil,Maliciosa,Ludmilla,MALICIOSA,T-308.115.017-2,title_only
clean unified,Planilha UNA.xlsx,Relatório UBEM - Canal Brasil,Maliciosa,Ludmilla,MALICIOSA,T-308.115.017-2,title_only
clean unified,Planilha UNA.xlsx,Relatório UBEM - Canal Brasil,Sugar,Maroon 5,SUGAR,T-039.948.077-3,title_only
clean unified,Planilha UNA.xlsx,Relatório UBEM - Canal Brasil,Sugar,Maroon 5,SUGAR,T-039.948.077-3,title_only
clean unified,Planilha UNA.xlsx,Relatório UBEM - Canal Brasil,Sugar,Maroon 5,SUGAR,T-039.948.077-3,title_only
clean unified,Planilha UNA.xlsx,Relatório UBEM - Canal Brasil,Tudo,Liniker,TUDO,T-301.718.723-0,title_only
clean unified,Planilha UNA.xlsx,Relatório UBEM - Canal Brasil,Tudo,Liniker,TUDO,T-301.718.723-0,title_only
clean unified,Planilha UNA.xlsx,Relatório UBEM - Canal Brasil,Fama,"Luisa Sonza,Pedro Sampaio",FAMA,T-324.681.088-4,title_only
clean unified,Planilha UNA.xlsx,Relatório UBEM - Canal Brasil,Fama,"Luisa Sonza,Pedro Sampaio",FAMA,T-324.681.088-4,title_only
clean unified,Planilha UNA.xlsx,Relatório UBEM - Canal Brasil,Fetiche,"Cristinas,Lauana Prado",FETICHE,T-316.009.896-0,title_only
clean unified,Planilha UNA.xlsx,Relatório UBEM - Canal Brasil,Fetiche,"Cristinas,Lauana Prado",FETICHE,T-316.009.896-0,title_only
clean unified,Planilha UNA.xlsx,Relatório UBEM - Canal Brasil,Morena,Luan Santana,MORENA,,title_only
clean unified,Planilha UNA.xlsx,Relatório UBEM - Canal Brasil,Morena,Luan Santana,MORENA,T-312.550.698-7,title_only
clean unified,Planilha UNA.xlsx,Relatório UBEM - Canal Brasil,Morena,Luan Santana,MORENA,,title_only
clean unified,Planilha UNA.xlsx,Relatório UBEM - Canal Brasil,Morena,Luan Santana,MORENA,T-312.550.698-7,title_only
clean unified,Planilha UNA.xlsx,Relatório UBEM - Canal Brasil,Sober,"Cat Dealers,Santti",SOBER,T-320.126.178-7,title_only
clean unified,Planilha UNA.xlsx,Relatório UBEM - Canal Brasil,Sober,"Cat Dealers,Santti",SOBER,T-320.126.178-7,title_only
clean unified,Planilha UNA.xlsx,Relatório UBEM - Canal Brasil,Fama,"Luisa Sonza,Pedro Sampaio",FAMA,T-324.681.088-4,title_only
clean unified,Planilha UNA.xlsx,Relatório UBEM - Canal Brasil,Maliciosa,Ludmilla,MALICIOSA,T-308.115.017-2,title_only
clean unified,Planilha UNA.xlsx,Relatório UBEM - Canal Brasil,Maliciosa,Ludmilla,MALICIOSA,T-308.115.017-2,title_only
clean unified,Planilha UNA.xlsx,Relatório UBEM - Canal Brasil,Depois Do Baile,"Azzy,Budah,Dennis,Djonga,Hungria,Mc Don Juan,Mc Ph,Orochi,Veigh,Wiu",DEPOIS DO BAILE,T-306.076.017-6,title_only
clean unified,Planilha UNA.xlsx,Relatório UBEM - Canal Brasil,Depois Do Baile,"Azzy,Budah,Dennis,Djonga,Hungria,Mc Don Juan,Mc Ph,Orochi,Veigh,Wiu",DEPOIS DO BAILE,T-306.076.017-6,title_only
clean unified,Planilha UNA.xlsx,Relatório UBEM - Canal Brasil,La Noche,Yago Oproprio,LA NOCHE,T-328.946.779-0,title_only
clean unified,Planilha UNA.xlsx,Relatório UBEM - Canal Brasil,La Noche,Yago Oproprio,LA NOCHE,T-328.946.779-0,title_only
clean unified,Planilha UNA.xlsx,Relatório UBEM - Canal Brasil,Tudo,Liniker,TUDO,T-301.718.723-0,title_only
clean unified,Planilha UNA.xlsx,Relatório UBEM - Canal Brasil,Tudo,Liniker,TUDO,T-301.718.723-0,title_only
clean unified,Planilha UNA.xlsx,Relatório UBEM - Canal Brasil,Linha De Frente,"Budah,Tibery",LINHA DE FRENTE,T-308.636.270-7,title_only
clean unified,Planilha UNA.xlsx,Relatório UBEM - Canal Brasil,Do Zero,"Nagalli,Tz Da Coronel,Yunk Vino",DO ZERO,T-039.758.508-8,title_only
clean unified,Planilha UNA.xlsx,Relatório UBEM - Canal Brasil,La Noche,Yago Oproprio,LA NOCHE,T-328.946.779-0,title_only
clean unified,Planilha UNA.xlsx,Relatório UBEM - Canal Brasil,Talvez,Thami,TALVEZ,T-039.758.808-7,title_only
clean unified,Planilha UNA.xlsx,Relatório UBEM - Canal Brasil,Talvez,Thami,TALVEZ,T-040.081.810-1,title_only
clean unified,Planilha UNA.xlsx,Relatório UBEM - Canal Brasil,Baile De Favela,Mc João,BAILE DE FAVELA,T-303.383.693-6,title_only
clean unified,Planilha UNA.xlsx,Relatório UBEM - Canal Brasil,Baile De Favela,Mc João,BAILE DE FAVELA,T-303.383.693-6,title_only
clean unified,Planilha UNA.xlsx,Relatório UBEM - Canal Brasil,Baile De Favela,Mc João,BAILE DE FAVELA,T-303.383.693-6,title_only
clean unified,Planilha UNA.xlsx,Relatório UBEM - Canal Brasil,Baile De Favela,Mc João,BAILE DE FAVELA,T-303.383.693-6,title_only
clean unified,Planilha UNA.xlsx,Relatório UBEM - Canal Brasil,Baile De Favela,Cacau Protásio,BAILE DE FAVELA,T-303.383.693-6,title_only
clean unified,Planilha UNA.xlsx,Relatório UBEM - Canal Brasil,Baile De Favela,Cacau Protásio,BAILE DE FAVELA,T-303.383.693-6,title_only
clean unified,Planilha UNA.xlsx,Relatório UBEM - Canal Brasil,Baile De Favela,Cacau Protásio,BAILE DE FAVELA,T-303.383.693-6,title_only
clean unified,Planilha UNA.xlsx,Relatório UBEM - Canal Brasil,Maria,Blondie,MARIA,T-307.006.304-2,title_only
clean unified,Planilha UNA.xlsx,Relatório UBEM - Canal Brasil,Maria,Blondie,MARIA,T-311.953.638-4,title_only
clean unified,Planilha UNA.xlsx,Relatório UBEM - Canal Brasil,Maria,Blondie,MARIA,T-307.006.304-2,title_only
clean unified,Planilha UNA.xlsx,Relatório UBEM - Canal Brasil,Maria,Blondie,MARIA,T-311.953.638-4,title_only
clean unified,Planilha UNA.xlsx,Relatório UBEM - Canal Brasil,Maria,Blondie,MARIA,T-307.006.304-2,title_only
clean unified,Planilha UNA.xlsx,Relatório UBEM - Canal Brasil,Maria,Blondie,MARIA,T-311.953.638-4,title_only
clean unified,Planilha UNA.xlsx,Relatório UBEM - Canal Brasil,Criminal,Britney Spears,CRIMINAL,T-932.737.486-7,title_only
clean unified,Planilha UNA.xlsx,Relatório UBEM - Canal Brasil,Criminal,Britney Spears,CRIMINAL,T-932.737.486-7,title_only
clean unified,Planilha UNA.xlsx,Relatório UBEM - Canal Brasil,Opinião,Samantha Schmütz,OPINIÃO,,title_only
clean unified,Planilha UNA.xlsx,Relatório UBEM - Canal Brasil,Satisfação,Tati Quebra Barraco,SATISFAÇÃO,T-302.730.937-7,title_only
clean unified,Planilha UNA.xlsx,Relatório UBEM - Canal Brasil,Satisfação,Tati Quebra Barraco,SATISFAÇÃO,T-302.730.937-7,title_only
clean unified,Planilha UNA.xlsx,Relatório UBEM - Canal Brasil,Poderosa,Suzy Brasil,PODEROSA,T-304.309.033-7,title_only
clean unified,Planilha UNA.xlsx,Relatório UBEM - Canal Brasil,Poderosa,Suzy Brasil,PODEROSA,T-304.309.033-7,title_only
clean unified,Planilha UNA.xlsx,Relatório UBEM - Canal Brasil,Mãe,Gal Costa,MÃE,T-306.800.395-8,title_only
clean unified,Planilha UNA.xlsx,Relatório UBEM - Canal Brasil,Mãe,Gal Costa,MÃE,,title_only
clean unified,Planilha UNA.xlsx,Relatório UBEM - Canal Brasil,Mãe,Gal Costa,MÃE,T-306.800.395-8,title_only
clean unified,Planilha UNA.xlsx,Relatório UBEM - Canal Brasil,Mãe,Gal Costa,MÃE,,title_only
clean unified,Planilha UNA.xlsx,Relatório UBEM - Canal Brasil,Mãe,Gal Costa,MÃE,T-306.800.395-8,title_only
clean unified,Planilha UNA.xlsx,Relatório UBEM - Canal Brasil,Mãe,Gal Costa,MÃE,,title_only
clean unified,Planilha UNA.xlsx,Relatório UBEM - Canal Brasil,Acabou,Jammil E Uma Noites,ACABOU,T-039.497.780-0,title_only
clean unified,Planilha UNA.xlsx,Relatório UBEM - Canal Brasil,Acabou,Jammil E Uma Noites,ACABOU,T-039.497.780-0,title_only
clean unified,Planilha UNA.xlsx,Relatório UBEM - Canal Brasil,Acabou,Jammil E Uma Noites,ACABOU,T-039.497.780-0,title_only
clean unified,Planilha UNA.xlsx,Relatório UBEM - Canal Brasil,Call Me,Blondie,CALL ME,T-327.279.638-6,title_only
clean unified,Planilha UNA.xlsx,Relatório UBEM - Canal Brasil,Call Me,Blondie,CALL ME,T-327.279.638-6,title_only
clean unified,Planilha UNA.xlsx,Relatório UBEM - Canal Brasil,Call Me,Blondie,CALL ME,T-327.279.638-6,title_only
clean unified,Planilha UNA.xlsx,Relatório UBEM - Canal Brasil,Call Me,Blondie,CALL ME,T-327.279.638-6,title_only
clean unified,Planilha UNA.xlsx,Relatório UBEM - Canal Brasil,Maria,Blondie,MARIA,T-307.006.304-2,title_only
clean unified,Planilha UNA.xlsx,Relatório UBEM - Canal Brasil,Maria,Blondie,MARIA,T-311.953.638-4,title_only
clean unified,Planilha UNA.xlsx,Relatório UBEM - Canal Brasil,Maria,Blondie,MARIA,T-307.006.304-2,title_only
clean unified,Planilha UNA.xlsx,Relatório UBEM - Canal Brasil,Maria,Blondie,MARIA,T-311.953.638-4,title_only
clean unified,Planilha UNA.xlsx,Relatório UBEM - Canal Brasil,Maria,Blondie,MARIA,T-307.006.304-2,title_only
clean unified,Planilha UNA.xlsx,Relatório UBEM - Canal Brasil,Maria,Blondie,MARIA,T-311.953.638-4,title_only
clean unified,Planilha UNA.xlsx,Relatório UBEM - Canal Brasil,Maria,Blondie,MARIA,T-307.006.304-2,title_only
clean unified,Planilha UNA.xlsx,Relatório UBEM - Canal Brasil,Maria,Blondie,MARIA,T-311.953.638-4,title_only
clean unified,Planilha UNA.xlsx,Relatório UBEM - Canal Brasil,Acabou,Jammil E Uma Noites,ACABOU,T-039.497.780-0,title_only
clean unified,Planilha UNA.xlsx,Relatório UBEM - Canal Brasil,Acabou,Jammil E Uma Noites,ACABOU,T-039.497.780-0,title_only
clean unified,Planilha UNA.xlsx,Relatório UBEM - Canal Brasil,Acabou,Jammil E Uma Noites,ACABOU,T-039.497.780-0,title_only
clean unified,Planilha UNA.xlsx,Relatório UBEM - Canal Brasil,"Cabeça, Ombro, Joelho E Pé",Xuxa,"CABEÇA, OMBRO, JOELHO E PÉ",T-311.573.124-9,title_only
clean unified,Planilha UNA.xlsx,Relatório UBEM - Canal Brasil,"Cabeça, Ombro, Joelho E Pé",Xuxa,"CABEÇA, OMBRO, JOELHO E PÉ",T-311.573.124-9,title_only
clean unified,Planilha UNA.xlsx,Relatório UBEM - Canal Brasil,"Cabeça, Ombro, Joelho E Pé",Xuxa,"CABEÇA, OMBRO, JOELHO E PÉ",T-311.573.124-9,title_only
clean unified,Planilha UNA.xlsx,Relatório UBEM - Canal Brasil,Agora Vai,"Giovani Cidreira,Linn Da Quebrada",AGORA VAI,T-313.255.747-8,title_only
clean unified,Planilha UNA.xlsx,Relatório UBEM - Canal Brasil,Maliciosa,Ludmilla,MALICIOSA,T-308.115.017-2,title_only
clean unified,Planilha UNA.xlsx,Relatório UBEM - Canal Brasil,Ave Maria,Jorge Aragao,AVE MARIA,T-040.076.547-0,title_only
clean unified,Planilha UNA.xlsx,Relatório UBEM - Canal Brasil,Identidade,Jorge Aragao,IDENTIDADE,T-039.497.763-9,title_only
clean unified,Planilha UNA.xlsx,Relatório UBEM - Canal Brasil,Baile De Favela,"Dj R7,Mc Joao",BAILE DE FAVELA,T-303.383.693-6,title_only
clean unified,Planilha UNA.xlsx,Relatório UBEM - Canal Brasil,Baile De Favela,"Dj R7,Mc Joao",BAILE DE FAVELA,T-303.383.693-6,title_only
clean unified,Planilha UNA.xlsx,Relatório UBEM - Canal Brasil,Girassol,Rebeca Andrade,GIRASSOL,T-335.572.256-0,title_only
clean unified,Planilha UNA.xlsx,Relatório UBEM - Canal Brasil,Girassol,Rebeca Andrade,GIRASSOL,T-335.572.256-0,title_only
clean unified,Planilha UNA.xlsx,Relatório UBEM - Canal Brasil,A Danca,Mc Hariel,A DANÇA,T-309.492.339-0,title_only
clean unified,Planilha UNA.xlsx,Relatório UBEM - Canal Brasil,Fica Comigo,Thauane Fontinelle,FICA COMIGO,T-305.623.715-7,title_only
clean unified,Planilha UNA.xlsx,Relatório UBEM - Canal Brasil,Deserto,Padre Marcelo Rossi,DESERTO,T-039.611.378-2,title_only
clean unified,Planilha UNA.xlsx,Relatório UBEM - Canal Brasil,Mascara,"Lexa,Wenny",MÁSCARA,,title_only
clean unified,Planilha UNA.xlsx,Relatório UBEM - Canal Brasil,Vamos Fugir,"Izzy Gordon,Tony Gordon",VAMOS FUGIR,T-305.415.581-2,title_only
clean unified,Planilha UNA.xlsx,Relatório UBEM - Canal Brasil,Era Uma Vez,Elenco,ERA UMA VEZ,,title_only
clean unified,Planilha UNA.xlsx,Relatório UBEM - Canal Brasil,A Danca,Mc Hariel,A DANÇA,T-309.492.339-0,title_only
clean unified,Planilha UNA.xlsx,Relatório UBEM - Canal Brasil,Ilusao,Mc Hariel,ILUSAO,T-040.011.902-9,title_only
clean unified,Planilha UNA.xlsx,Relatório UBEM - Canal Brasil,Ilusao,Mc Hariel,ILUSÃO,,title_only
clean unified,Planilha UNA.xlsx,Relatório UBEM - Canal Brasil,Maliciosa,Ludmilla,MALICIOSA,T-308.115.017-2,title_only
clean unified,Planilha UNA.xlsx,Relatório UBEM - Canal Brasil,So Voce,Fabio Jr,SO VOCE,T-039.310.698-3,title_only
clean unified,Planilha UNA.xlsx,Relatório UBEM - Canal Brasil,Girassol,Rosa De Saron,GIRASSOL,T-335.572.256-0,title_only
clean unified,Planilha UNA.xlsx,Relatório UBEM - Canal Brasil,Girassol,Leidy Murilho,GIRASSOL,T-335.572.256-0,title_only
clean unified,Planilha UNA.xlsx,Relatório UBEM - Canal Brasil,Felicidade,"Mc Cabelinho,Pretinho Da Serrinha",FELICIDADE,,title_only
clean unified,Planilha UNA.xlsx,Relatório UBEM - Canal Brasil,Me Chama,Marina,ME CHAMA,T-311.953.645-3,title_only
clean unified,Planilha UNA.xlsx,Relatório UBEM - Canal Brasil,Beijinho No Ombro,Valesca Popozuda,BEIJINHO NO OMBRO,T-311.569.064-3,title_only
clean unified,Planilha UNA.xlsx,Relatório UBEM - Canal Brasil,Gratidao,L7Nnon,GRATIDÃO,T-305.217.523-8,title_only
clean unified,Planilha UNA.xlsx,Relatório UBEM - Canal Brasil,Aquelas Coisas,Joao Gomes,AQUELAS COISAS,T-317.817.145-0,title_only
clean unified,Planilha UNA.xlsx,Relatório UBEM - Canal Brasil,Intuicao,Mari Fernandes,INTUIÇÃO,T-330.191.259-0,title_only
clean unified,Planilha UNA.xlsx,Relatório UBEM - Canal Brasil,Intuicao,Mari Fernandes,INTUIÇÃO,T-317.794.064-2,title_only
clean unified,Planilha UNA.xlsx,Relatório UBEM - Canal Brasil,Chama,Luan Pereira,CHAMA,T-303.013.981-8,title_only
clean unified,Planilha UNA.xlsx,Relatório UBEM - Canal Brasil,Vai Luan,Luan Pereira,VAI LUAN,T-303.014.610-8,title_only
clean unified,Planilha UNA.xlsx,Relatório UBEM - Canal Brasil,Vai Luan,Luan Pereira,VAI LUAN,T-304.246.536-7,title_only
clean unified,Planilha UNA.xlsx,Relatório UBEM - Canal Brasil,Sou Eu,Ludmilla,SOU EU,T-042.615.532-9,title_only
clean unified,Planilha UNA.xlsx,Relatório UBEM - Canal Brasil,Sou Eu,Ludmilla,SOU EU,T-042.615.532-9,title_only
clean unified,Planilha UNA.xlsx,Relatório UBEM - Canal Brasil,Banho De Espuma,Rita Lee,BANHO DE ESPUMA,T-311.604.310-4,title_only
clean unified,Planilha UNA.xlsx,Relatório UBEM - Canal Brasil,Maria,Ricky Martin,MARIA,T-307.006.304-2,title_only
clean unified,Planilha UNA.xlsx,Relatório UBEM - Canal Brasil,Maria,Ricky Martin,MARIA,T-311.953.638-4,title_only
clean unified,Planilha UNA.xlsx,Relatório UBEM - Canal Brasil,Fuleragem,Mc Wm,FULERAGEM,T-305.214.250-0,title_only
clean unified,Planilha UNA.xlsx,Relatório UBEM - Canal Brasil,Maria,Alejandro Vqc,MARIA,T-307.006.304-2,title_only
clean unified,Planilha UNA.xlsx,Relatório UBEM - Canal Brasil,Maria,Alejandro Vqc,MARIA,T-311.953.638-4,title_only
clean unified,Planilha UNA.xlsx,Relatório UBEM - Canal Brasil,Fuleragem,Mc Wm,FULERAGEM,T-305.214.250-0,title_only
clean unified,Planilha UNA.xlsx,Relatório UBEM - Canal Brasil,Santa Fe,Moraes Moreira,SANTA FE,T-306.926.950-3,title_only
clean unified,Planilha UNA.xlsx,Relatório UBEM - Canal Brasil,Amigo,Roberto Carlos,AMIGO,,title_only
clean unified,Planilha UNA.xlsx,Relatório UBEM - Canal Brasil,Amigo,Roberto Carlos,AMIGO,,title_only
clean unified,Planilha UNA.xlsx,Relatório UBEM - Canal Brasil,Amigo,Roberto Carlos,AMIGO,,title_only
clean unified,Planilha UNA.xlsx,Relatório UBEM - Canal Brasil,Rosa,Atores,ROSA,T-039.167.643-9,title_only
clean unified,Planilha UNA.xlsx,Relatório UBEM - Canal Brasil,Porque,Reginaldo Rossi,PORQUE,T-040.140.017-6,title_only
clean unified,Planilha UNA.xlsx,Relatório UBEM - Canal Brasil,Granada,Stanley Black E Orquestra,GRANADA,T-040.348.474-1,title_only
clean unified,Planilha UNA.xlsx,Relatório UBEM - Canal Brasil,So,Elenco,SÓ,T-039.632.969-3,title_only
clean unified,Planilha UNA.xlsx,Relatório UBEM - Canal Brasil,Chocolate,Angelica,CHOCOLATE,T-322.528.891-1,title_only
clean unified,Planilha UNA.xlsx,Relatório UBEM - Canal Brasil,Esmeralda,Roberto Faissal,ESMERALDA,,title_only
clean unified,Planilha UNA.xlsx,Relatório UBEM - Canal Brasil,Esmeralda,Roberto Faissal,ESMERALDA,,title_only
clean unified,Planilha UNA.xlsx,Relatório UBEM - Canal Brasil,Copacabana,Salome Da Bahia,COPACABANA,,title_only
clean unified,Planilha UNA.xlsx,Relatório UBEM - Canal Brasil,Copacabana,Salome Da Bahia,COPACABANA,,title_only
clean unified,Planilha UNA.xlsx,Relatório UBEM - Canal Brasil,Copacabana,Salome Da Bahia,COPACABANA,,title_only
clean unified,Planilha UNA.xlsx,Relatório UBEM - Canal Brasil,Copacabana,Rex Gildo,COPACABANA,,title_only
clean unified,Planilha UNA.xlsx,Relatório UBEM - Canal Brasil,Copacabana,Salome Da Bahia,COPACABANA,,title_only
clean unified,Planilha UNA.xlsx,Relatório UBEM - Canal Brasil,Copacabana,Salome Da Bahia,COPACABANA,,title_only
clean unified,Planilha UNA.xlsx,Relatório UBEM - Canal Brasil,Copacabana,Salome Da Bahia,COPACABANA,,title_only
clean unified,Planilha UNA.xlsx,Relatório UBEM - Canal Brasil,Copacabana,Salome Da Bahia,COPACABANA,,title_only
clean unified,Planilha UNA.xlsx,Relatório UBEM - Canal Brasil,Copacabana,Salome Da Bahia,COPACABANA,,title_only
clean unified,Planilha UNA.xlsx,Relatório UBEM - Canal Brasil,Copacabana,Salome Da Bahia,COPACABANA,,title_only
clean unified,Planilha UNA.xlsx,Relatório UBEM - Canal Brasil,Copacabana,Salome Da Bahia,COPACABANA,,title_only
clean unified,Planilha UNA.xlsx,Relatório UBEM - Canal Brasil,Copacabana,Salome Da Bahia,COPACABANA,,title_only
clean unified,Planilha UNA.xlsx,Relatório UBEM - Canal Brasil,Copacabana,Salome Da Bahia,COPACABANA,,title_only
clean unified,Planilha UNA.xlsx,Relatório UBEM - Canal Brasil,Copacabana,Salome Da Bahia,COPACABANA,,title_only
clean unified,Planilha UNA.xlsx,Relatório UBEM - Canal Brasil,Copacabana,Salome Da Bahia,COPACABANA,,title_only
clean unified,Planilha UNA.xlsx,Relatório UBEM - Canal Brasil,Copacabana,Salome Da Bahia,COPACABANA,,title_only
clean unified,Planilha UNA.xlsx,Relatório UBEM - Canal Brasil,Copacabana,Salome Da Bahia,COPACABANA,,title_only
clean unified,Planilha UNA.xlsx,Relatório UBEM - Canal Brasil,Copacabana,Salome Da Bahia,COPACABANA,,title_only
clean unified,Planilha UNA.xlsx,Relatório UBEM - Canal Brasil,Copacabana,Salome Da Bahia,COPACABANA,,title_only
clean unified,Planilha UNA.xlsx,Relatório UBEM - Canal Brasil,Copacabana,Salome Da Bahia,COPACABANA,,title_only
clean unified,Planilha UNA.xlsx,Relatório UBEM - Canal Brasil,Copacabana,Salome Da Bahia,COPACABANA,,title_only
clean unified,Planilha UNA.xlsx,Relatório UBEM - Canal Brasil,Sebastiana,Anonimo,SEBASTIANA,,title_only
clean unified,Planilha UNA.xlsx,Relatório UBEM - Canal Brasil,Carcara,Anonimo,CARCARA,T-040.347.911-7,title_only
clean unified,Planilha UNA.xlsx,Relatório UBEM - Canal Brasil,Carcara,Anonimo,CARCARÁ,T-308.468.519-4,title_only
clean unified,Planilha UNA.xlsx,Relatório UBEM - Canal Brasil,Travessia,Elenco,TRAVESSIA,T-313.642.509-3,title_only
clean unified,Planilha UNA.xlsx,Relatório UBEM - Canal Brasil,AVE MARIA,DANY ROLAND,AVE MARIA,T-040.076.547-0,title_only
clean unified,Planilha UNA.xlsx,Relatório UBEM - Canal Brasil,AVE MARIA,DANY ROLAND,AVE MARIA,T-040.076.547-0,title_only
clean unified,Planilha UNA.xlsx,Relatório UBEM - Canal Brasil,AVE MARIA,DANY ROLAND,AVE MARIA,T-040.076.547-0,title_only
clean unified,Planilha UNA.xlsx,Relatório UBEM - Canal Brasil,AVE MARIA,DANY ROLAND,AVE MARIA,T-040.076.547-0,title_only
clean unified,Planilha UNA.xlsx,Relatório UBEM - Canal Brasil,AVE MARIA,DANY ROLAND,AVE MARIA,T-040.076.547-0,title_only
clean unified,Planilha UNA.xlsx,Relatório UBEM - Canal Brasil,CUIDADO,CALIFFA,CUIDADO,T-317.794.225-1,title_only
clean unified,Planilha UNA.xlsx,Relatório UBEM - Canal Brasil,CUIDADO,CALIFFA,CUIDADO,,title_only
clean unified,Planilha UNA.xlsx,Relatório UBEM - Canal Brasil,BAILE DE FAVELA,"RAFAEL PORTUGAL,PEDRINHO DO CAVACO",BAILE DE FAVELA,T-303.383.693-6,title_only
clean unified,Planilha UNA.xlsx,Relatório UBEM - Canal Brasil,SUGAR,"RITON,SOAKY SIREN",SUGAR,T-039.948.077-3,title_only
clean unified,Planilha UNA.xlsx,Relatório UBEM - Canal Brasil,SUGAR,"RITON,SOAKY SIREN",SUGAR,T-039.948.077-3,title_only
clean unified,Planilha UNA.xlsx,Relatório UBEM - Canal Brasil,PAPO RETO,CHARLIE BROWN JR,PAPO RETO,,title_only
clean unified,Planilha UNA.xlsx,Relatório UBEM - Canal Brasil,FINAL DE SEMANA,CALIFFA,FINAL DE SEMANA,T-303.016.328-7,title_only
clean unified,Planilha UNA.xlsx,Relatório UBEM - Canal Brasil,FINAL DE SEMANA,CALIFFA,FINAL DE SEMANA,T-303.016.328-7,title_only
clean unified,Planilha UNA.xlsx,Relatório UBEM - Canal Brasil,FINAL DE SEMANA,CALIFFA,FINAL DE SEMANA,T-303.016.328-7,title_only
clean unified,Planilha UNA.xlsx,Relatório UBEM - Canal Brasil,FINAL DE SEMANA,CALIFFA,FINAL DE SEMANA,T-303.016.328-7,title_only
clean unified,Planilha UNA.xlsx,Relatório UBEM - Canal Brasil,CUIDADO,CALIFFA,CUIDADO,T-317.794.225-1,title_only
clean unified,Planilha UNA.xlsx,Relatório UBEM - Canal Brasil,CUIDADO,CALIFFA,CUIDADO,,title_only
clean unified,Planilha UNA.xlsx,Relatório UBEM - Canal Brasil,CUIDADO,CALIFFA,CUIDADO,T-317.794.225-1,title_only
clean unified,Planilha UNA.xlsx,Relatório UBEM - Canal Brasil,CUIDADO,CALIFFA,CUIDADO,,title_only
clean unified,Planilha UNA.xlsx,Relatório UBEM - Canal Brasil,FINAL DE SEMANA,CALIFFA,FINAL DE SEMANA,T-303.016.328-7,title_only
clean unified,Planilha UNA.xlsx,Relatório UBEM - Canal Brasil,CUIDADO,CALIFFA,CUIDADO,T-317.794.225-1,title_only
clean unified,Planilha UNA.xlsx,Relatório UBEM - Canal Brasil,CUIDADO,CALIFFA,CUIDADO,,title_only
clean unified,Planilha UNA.xlsx,Relatório UBEM - Canal Brasil,GRATIDAO,RAMALHO,GRATIDÃO,T-305.217.523-8,title_only
clean unified,Planilha UNA.xlsx,Relatório UBEM - Canal Brasil,SAMURAI,PARTICIPANTES ESTRELA DA CASA,SAMURAI,T-300.960.761-4,title_only
clean unified,Planilha UNA.xlsx,Relatório UBEM - Canal Brasil,CUIDADO,CALIFFA,CUIDADO,T-317.794.225-1,title_only
clean unified,Planilha UNA.xlsx,Relatório UBEM - Canal Brasil,CUIDADO,CALIFFA,CUIDADO,,title_only
clean unified,Planilha UNA.xlsx,Relatório UBEM - Canal Brasil,CUIDADO,CALIFFA,CUIDADO,T-317.794.225-1,title_only
clean unified,Planilha UNA.xlsx,Relatório UBEM - Canal Brasil,CUIDADO,CALIFFA,CUIDADO,,title_only
clean unified,Planilha UNA.xlsx,Relatório UBEM - Canal Brasil,CORDA BAMBA,"IVETE SANGALO,IZA",CORDA BAMBA,T-335.571.849-5,title_only
clean unified,Planilha UNA.xlsx,Relatório UBEM - Canal Brasil,LINHA DE FRENTE,IZA,LINHA DE FRENTE,T-308.636.270-7,title_only
clean unified,Planilha UNA.xlsx,Relatório UBEM - Canal Brasil,CAROLINA,JUAN PAIVA,CAROLINA,,title_only
clean unified,Planilha UNA.xlsx,Relatório UBEM - Canal Brasil,GIRASSOL,LEIDY MURILHO,GIRASSOL,T-335.572.256-0,title_only
clean unified,Planilha UNA.xlsx,Relatório UBEM - Canal Brasil,MACETANDO,"IVETE SANGALO, LUDMILLA",MACETANDO,T-318.000.000-0,title_only
clean unified,Planilha UNA.xlsx,Relatório UBEM - Canal Brasil,AI AI AI,VANESSA DA MATA,AI AI AI,T-305.267.265-4,title_only
clean unified,Planilha UNA.xlsx,Relatório UBEM - Canal Brasil,PARAISO,DIEGO MARTINS,PARAISO,T-301.576.907-6,title_only
clean unified,Planilha UNA.xlsx,Relatório UBEM - Canal Brasil,PARAISO,DIEGO MARTINS,PARAISO,T-304.308.878-0,title_only
clean unified,Planilha UNA.xlsx,Relatório UBEM - Canal Brasil,DESERTO,PADRE MARCELO ROSSI,DESERTO,T-039.611.378-2,title_only
clean unified,Planilha UNA.xlsx,Relatório UBEM - Canal Brasil,PAPO RETO,CHARLIE BROWN JR,PAPO RETO,,title_only
clean unified,Planilha UNA.xlsx,Relatório UBEM - Canal Brasil,POC POC,PEDRO SAMPAIO,POC POC,,title_only
clean unified,Planilha UNA.xlsx,Relatório UBEM - Canal Brasil,GRATIDAO,RAMALHO,GRATIDÃO,T-305.217.523-8,title_only
clean unified,Planilha UNA.xlsx,Relatório UBEM - Canal Brasil,GRATIDAO,RAMALHO,GRATIDÃO,T-305.217.523-8,title_only
clean unified,Planilha UNA.xlsx,Relatório UBEM - Canal Brasil,GRATIDAO,RAMALHO,GRATIDÃO,T-305.217.523-8,title_only
clean unified,Planilha UNA.xlsx,Relatório UBEM - Canal Brasil,MENTIROSA,MARCOS & BELUTTI,MENTIROSA,,title_only
clean unified,Planilha UNA.xlsx,Relatório UBEM - Canal Brasil,MENTIROSA,MARCOS & BELUTTI,MENTIROSA,T-332.483.930-3,title_only
clean unified,Planilha UNA.xlsx,Relatório UBEM - Canal Brasil,MALICIOSA,LUDMILLA,MALICIOSA,T-308.115.017-2,title_only
clean unified,Planilha UNA.xlsx,Relatório UBEM - Canal Brasil,MALICIOSA,LUDMILLA,MALICIOSA,T-308.115.017-2,title_only
clean unified,Planilha UNA.xlsx,Relatório UBEM - Canal Brasil,TEU SEGREDO,VUOU PRO SERENO,TEU SEGREDO,T-303.014.148-7,title_only
clean unified,Planilha UNA.xlsx,Relatório UBEM - Canal Brasil,TEU SEGREDO,VOU PRO SERENO,TEU SEGREDO,T-303.014.148-7,title_only
clean unified,Planilha UNA.xlsx,Relatório UBEM - Canal Brasil,ESSE CARA SOU EU,FERDINANDO (MARCUS MAJELLA),ESSE CARA SOU EU,T-327.279.701-6,title_only
clean unified,Planilha UNA.xlsx,Relatório UBEM - Canal Brasil,MAN DOWN,RIHANNA,MAN DOWN,T-040.106.196-8,title_only
clean unified,Planilha UNA.xlsx,Relatório UBEM - Canal Brasil,MACETANDO,IVETE SANGALO,MACETANDO,T-318.000.000-0,title_only
clean unified,Planilha UNA.xlsx,Relatório UBEM - Canal Brasil,LUA,"ALOK, ANA CATELA. HUNGRIA HIP HOP",LUA,,title_only
clean unified,Planilha UNA.xlsx,Relatório UBEM - Canal Brasil,LUA,"ALOK, ANA CASTELA, HUNGRIA HIP HOP",LUA,,title_only
clean unified,Planilha UNA.xlsx,Relatório UBEM - Canal Brasil,DO LADO DE CA,CHIMARRUTS,DO LADO DE CÁ,,title_only
clean unified,Planilha UNA.xlsx,Relatório UBEM - Canal Brasil,MARIA,RICKY MARTIN,MARIA,T-307.006.304-2,title_only
clean unified,Planilha UNA.xlsx,Relatório UBEM - Canal Brasil,MARIA,RICKY MARTIN,MARIA,T-311.953.638-4,title_only
clean unified,Planilha UNA.xlsx,Relatório UBEM - Canal Brasil,IMORTAL,SANDY E JUNIOR,IMORTAL,T-307.118.165-8,title_only
clean unified,Planilha UNA.xlsx,Relatório UBEM - Canal Brasil,MASCARA,PITTY,MÁSCARA,,title_only
clean unified,Planilha UNA.xlsx,Relatório UBEM - Canal Brasil,TETO DE VIDRO,PITTY,TETO DE VIDRO,T-321.537.364-7,title_only
clean unified,Planilha UNA.xlsx,Relatório UBEM - Canal Brasil,FINAL FELIZ,JORGE VERCILLO,FINAL FELIZ,T-315.996.147-0,title_only
clean unified,Planilha UNA.xlsx,Relatório UBEM - Canal Brasil,SAMURAI,JORGE VERCILLO,SAMURAI,T-300.960.761-4,title_only
clean unified,Planilha UNA.xlsx,Relatório UBEM - Canal Brasil,FELICIDADE,BANDA LUCIO MAURO E FILHOS,FELICIDADE,,title_only
clean unified,Planilha UNA.xlsx,Relatório UBEM - Canal Brasil,FELICIDADE,BANDA LUCIO MAURO E FILHOS,FELICIDADE,,title_only
clean unified,Planilha UNA.xlsx,Relatório UBEM - Canal Brasil,FELICIDADE,BANDA LUCIO MAURO E FILHOS,FELICIDADE,,title_only
clean unified,Planilha UNA.xlsx,Relatório UBEM - Canal Brasil,FELICIDADE,BANDA LUCIO MAURO E FILHOS,FELICIDADE,,title_only
clean unified,Planilha UNA.xlsx,Relatório UBEM - Canal Brasil,FELICIDADE,MARCELO JENECI,FELICIDADE,,title_only
clean unified,Planilha UNA.xlsx,Relatório UBEM - Canal Brasil,FELICIDADE,"MARCELO JENECI,DOMINGUINHOS",FELICIDADE,,title_only
clean unified,Planilha UNA.xlsx,Relatório UBEM - Canal Brasil,PAPO RETO,CHARLIE BROWN JR,PAPO RETO,,title_only
clean unified,Planilha UNA.xlsx,Relatório UBEM - Canal Brasil,MACETANDO,IVETE SANGALO,MACETANDO,T-318.000.000-0,title_only
clean unified,Planilha UNA.xlsx,Relatório UBEM - Canal Brasil,SUGAR,"SOAKY SIREN,RITON",SUGAR,T-039.948.077-3,title_only
clean unified,Planilha UNA.xlsx,Relatório UBEM - Canal Brasil,SUGAR,"RITON,SOAKY SIREN",SUGAR,T-039.948.077-3,title_only
clean unified,Planilha UNA.xlsx,Relatório UBEM - Canal Brasil,MARACUTAIA,KAROL CONKA,MARACUTAIA,T-313.315.112-5,title_only
clean unified,Planilha UNA.xlsx,Relatório UBEM - Canal Brasil,AI AI AI,VANESSA DA MATA,AI AI AI,T-305.267.265-4,title_only
clean unified,Planilha UNA.xlsx,Relatório UBEM - Canal Brasil,MORENA,VITOR KLEY,MORENA,,title_only
clean unified,Planilha UNA.xlsx,Relatório UBEM - Canal Brasil,MORENA,VITOR KLEY,MORENA,T-312.550.698-7,title_only
clean unified,Planilha UNA.xlsx,Relatório UBEM - Canal Brasil,SUGAR,MAROON 5,SUGAR,T-039.948.077-3,title_only
clean unified,Planilha UNA.xlsx,Relatório UBEM - Canal Brasil,GIRASSOL,LEIDY MURILHO,GIRASSOL,T-335.572.256-0,title_only
clean unified,Planilha UNA.xlsx,Relatório UBEM - Canal Brasil,BAILE DE FAVELA,"MAEJOR,MC JOAO",BAILE DE FAVELA,T-303.383.693-6,title_only
clean unified,Planilha UNA.xlsx,Relatório UBEM - Canal Brasil,AVE MARIA,DANY ROLAND,AVE MARIA,T-040.076.547-0,title_only
clean unified,Planilha UNA.xlsx,Relatório UBEM - Canal Brasil,PACIENCIA,"FERRUGEM,ALCIONE",PACIENCIA,T-039.497.721-9,title_only
clean unified,Planilha UNA.xlsx,Relatório UBEM - Canal Brasil,PACIENCIA,"FERRUGEM,ALCIONE",PACIÊNCIA,T-040.522.253-8,title_only
clean unified,Planilha UNA.xlsx,Relatório UBEM - Canal Brasil,BAILE DE FAVELA,DJ PIMPA,BAILE DE FAVELA,T-303.383.693-6,title_only
clean unified,Planilha UNA.xlsx,Relatório UBEM - Canal Brasil,AMIGO,MARCOS MION,AMIGO,,title_only
clean unified,Planilha UNA.xlsx,Relatório UBEM - Canal Brasil,SO VOCE,"FABIO JUNIOR,ERIBERTO LEAO",SO VOCE,T-039.310.698-3,title_only
clean unified,Planilha UNA.xlsx,Relatório UBEM - Canal Brasil,FELICIDADE,FABIO JUNIOR,FELICIDADE,,title_only
clean unified,Planilha UNA.xlsx,Relatório UBEM - Canal Brasil,ABISMO,"MANU BAHTIDAO,MARI FERNANDEZ",ABISMO,T-303.016.284-2,title_only
clean unified,Planilha UNA.xlsx,Relatório UBEM - Canal Brasil,ABISMO,"MANU BAHTIDAO,MARI FERNANDEZ",ABISMO,T-315.588.616-7,title_only
clean unified,Planilha UNA.xlsx,Relatório UBEM - Canal Brasil,REPLAY,UNNA X,REPLAY,,title_only
clean unified,Planilha UNA.xlsx,Relatório UBEM - Canal Brasil,REPLAY,UNNA X,REPLAY,T-325.460.789-7,title_only
clean unified,Planilha UNA.xlsx,Relatório UBEM - Canal Brasil,GRATIDAO,L7NNON,GRATIDÃO,T-305.217.523-8,title_only
clean unified,Planilha UNA.xlsx,Relatório UBEM - Canal Brasil,GRATIDAO,L7NNON,GRATIDÃO,T-305.217.523-8,title_only
clean unified,Planilha UNA.xlsx,Relatório UBEM - Canal Brasil,DEPOIS DO BAILE,"WIU,VEIGH,OROCHI,MC PH,MC DON JUAN,HUNGRIA,DJONGA,DENNIS,BUDAH,AZZY",DEPOIS DO BAILE,T-306.076.017-6,title_only
clean unified,Planilha UNA.xlsx,Relatório UBEM - Canal Brasil,FELICIDADE,FÁBIO JR,FELICIDADE,,title_only
clean unified,Planilha UNA.xlsx,Relatório UBEM - Canal Brasil,FIM DE ANO,"DONA JO (CATARINA ABDALA),FERDINANDO (MARCUS MAJELLA)",FIM DE ANO,T-322.186.020-0,title_only
clean unified,Planilha UNA.xlsx,Relatório UBEM - Canal Brasil,PAPI,JENNIFER LOPEZ,PAPI,T-300.970.750-6,title_only
clean unified,Planilha UNA.xlsx,Relatório UBEM - Canal Brasil,PAPI,JENNIFER LOPEZ,PAPI,,title_only
clean unified,Planilha UNA.xlsx,Relatório UBEM - Canal Brasil,MARAVILHA,RACA NEGRA,MARAVILHA,T-305.267.266-5,title_only
clean unified,Planilha UNA.xlsx,Relatório UBEM - Canal Brasil,VAMOS FUGIR,SAMUEL ROSA,VAMOS FUGIR,T-305.415.581-2,title_only
clean unified,Planilha UNA.xlsx,Relatório UBEM - Canal Brasil,BAILE DE FAVELA,MC JOAO,BAILE DE FAVELA,T-303.383.693-6,title_only
clean unified,Planilha UNA.xlsx,Relatório UBEM - Canal Brasil,BAILE DE FAVELA,MC JOAO,BAILE DE FAVELA,T-303.383.693-6,title_only
clean unified,Planilha UNA.xlsx,Relatório UBEM - Canal Brasil,CASEI COM A PUTARIA,MC DANIEL,CASEI COM A PUTARIA,T-317.934.283-3,title_only
clean unified,Planilha UNA.xlsx,Relatório UBEM - Canal Brasil,TUDO,LINIKER,TUDO,T-301.718.723-0,title_only
clean unified,Planilha UNA.xlsx,Relatório UBEM - Canal Brasil,TUDO,LINIKER,TUDO,T-301.718.723-0,title_only
clean unified,Planilha UNA.xlsx,Relatório UBEM - Canal Brasil,ERA UMA VEZ,KELL SMITH,ERA UMA VEZ,,title_only
clean unified,Planilha UNA.xlsx,Relatório UBEM - Canal Brasil,FINAL DE SEMANA,CALIFFA,FINAL DE SEMANA,T-303.016.328-7,title_only
clean unified,Planilha UNA.xlsx,Relatório UBEM - Canal Brasil,GIRASSOL,LEIDY MURILHO,GIRASSOL,T-335.572.256-0,title_only
clean unified,Planilha UNA.xlsx,Relatório UBEM - Canal Brasil,SAMPA,FERNANDA PORTO,SAMPA,,title_only
clean unified,Planilha UNA.xlsx,Relatório UBEM - Canal Brasil,SAMPA,FERNANDA PORTO,SAMPA,,title_only
clean unified,Planilha UNA.xlsx,Relatório UBEM - Canal Brasil,ELA,SORRISO MAROTO,ELA,T-322.696.235-8,title_only
clean unified,Planilha UNA.xlsx,Relatório UBEM - Canal Brasil,NADA MUDOU,LEO JAIME,NADA MUDOU,T-039.544.550-7,title_only
clean unified,Planilha UNA.xlsx,Relatório UBEM - Canal Brasil,CORDA BAMBA,"IVETE SANGALO,IZA",CORDA BAMBA,T-335.571.849-5,title_only
clean unified,Planilha UNA.xlsx,Relatório UBEM - Canal Brasil,DOWNTOWN,"ANITTA,J BALVIN",DOWNTOWN,,title_only
clean unified,Planilha UNA.xlsx,Relatório UBEM - Canal Brasil,CUIDADO,CALIFFA,CUIDADO,T-317.794.225-1,title_only
clean unified,Planilha UNA.xlsx,Relatório UBEM - Canal Brasil,CUIDADO,CALIFFA,CUIDADO,,title_only
clean unified,Planilha UNA.xlsx,Relatório UBEM - Canal Brasil,ORACAO,LEO FRESSATO,ORACAO,T-040.521.423-4,title_only
clean unified,Planilha UNA.xlsx,Relatório UBEM - Canal Brasil,VERMELHO,FAFÁ DE BELÉM,VERMELHO,T-313.315.106-7,title_only
clean unified,Planilha UNA.xlsx,Relatório UBEM - Canal Brasil,GIRASSOL,CIDADE NEGRA,GIRASSOL,T-335.572.256-0,title_only
clean unified,Planilha UNA.xlsx,Relatório UBEM - Canal Brasil,GIRASSOL,CIDADE NEGRA,GIRASSOL,T-335.572.256-0,title_only
clean unified,Planilha UNA.xlsx,Relatório UBEM - Canal Brasil,GIRASSOL,"CIDADE NEGRA,TONI GARRIDO",GIRASSOL,T-335.572.256-0,title_only
clean unified,Planilha UNA.xlsx,Relatório UBEM - Canal Brasil,CUIDADO,CALIFFA,CUIDADO,T-317.794.225-1,title_only
clean unified,Planilha UNA.xlsx,Relatório UBEM - Canal Brasil,CUIDADO,CALIFFA,CUIDADO,,title_only
clean unified,Planilha UNA.xlsx,Relatório UBEM - Canal Brasil,ME CHAMA,MARINA LIMA,ME CHAMA,T-311.953.645-3,title_only
clean unified,Planilha UNA.xlsx,Relatório UBEM - Canal Brasil,ME CHAMA,SAMANTHA SCHMÜTZ,ME CHAMA,T-311.953.645-3,title_only
clean unified,Planilha UNA.xlsx,Relatório UBEM - Canal Brasil,SOU EU,LUDMILLA,SOU EU,T-042.615.532-9,title_only
clean unified,Planilha UNA.xlsx,Relatório UBEM - Canal Brasil,DRAMA,DANY ROLAND,DRAMA,T-039.662.293-7,title_only
clean unified,Planilha UNA.xlsx,Relatório UBEM - Canal Brasil,DRAMA,DANY ROLAND,DRAMA,T-932.546.398-7,title_only
clean unified,Planilha UNA.xlsx,Relatório UBEM - Canal Brasil,DRAMA,DANY ROLAND,DRAMA,T-321.537.188-9,title_only
clean unified,Planilha UNA.xlsx,Relatório UBEM - Canal Brasil,PERIGO,DANY ROLAND,PERIGO,T-301.572.557-8,title_only
clean unified,Planilha UNA.xlsx,Relatório UBEM - Canal Brasil,PERIGO,DANY ROLAND,PERIGO,T-302.809.006-0,title_only
clean unified,Planilha UNA.xlsx,Relatório UBEM - Canal Brasil,SEGREDO,DANY ROLAND,SEGREDO,T-039.611.383-9,title_only
clean unified,Planilha UNA.xlsx,Relatório UBEM - Canal Brasil,SEGREDO,DANY ROLAND,SEGREDO,T-039.611.383-9,title_only
clean unified,Planilha UNA.xlsx,Relatório UBEM - Canal Brasil,SEGREDO,DANY ROLAND,SEGREDO,T-039.611.383-9,title_only
clean unified,Planilha UNA.xlsx,Relatório UBEM - Canal Brasil,SEGREDO,DANY ROLAND,SEGREDO,T-039.611.383-9,title_only
clean unified,Planilha UNA.xlsx,Relatório UBEM - Canal Brasil,DRAMA,DANY ROLAND,DRAMA,T-039.662.293-7,title_only
clean unified,Planilha UNA.xlsx,Relatório UBEM - Canal Brasil,DRAMA,DANY ROLAND,DRAMA,T-932.546.398-7,title_only
clean unified,Planilha UNA.xlsx,Relatório UBEM - Canal Brasil,DRAMA,DANY ROLAND,DRAMA,T-321.537.188-9,title_only
clean unified,Planilha UNA.xlsx,Relatório UBEM - Canal Brasil,AVE MARIA,DANY ROLAND,AVE MARIA,T-040.076.547-0,title_only
clean unified,Planilha UNA.xlsx,Relatório UBEM - Canal Brasil,AVE MARIA,DANY ROLAND,AVE MARIA,T-040.076.547-0,title_only
clean unified,Planilha UNA.xlsx,Relatório UBEM - Canal Brasil,AVE MARIA,DANY ROLAND,AVE MARIA,T-040.076.547-0,title_only
clean unified,Planilha UNA.xlsx,Relatório UBEM - Canal Brasil,AVE MARIA,DANY ROLAND,AVE MARIA,T-040.076.547-0,title_only
clean unified,Planilha UNA.xlsx,Relatório UBEM - Canal Brasil,AVE MARIA,DANY ROLAND,AVE MARIA,T-040.076.547-0,title_only
clean unified,Planilha UNA.xlsx,Relatório UBEM - Canal Brasil,PERIGO,DANY ROLAND,PERIGO,T-301.572.557-8,title_only
clean unified,Planilha UNA.xlsx,Relatório UBEM - Canal Brasil,PERIGO,DANY ROLAND,PERIGO,T-302.809.006-0,title_only
clean unified,Planilha UNA.xlsx,Relatório UBEM - Canal Brasil,IDENTIDADE,"DIOGO POÇAS, DUDU BORGES, LEONARDO MENDES",IDENTIDADE,T-039.497.763-9,title_only
clean unified,Planilha UNA.xlsx,Relatório UBEM - Canal Brasil,IDENTIDADE,"DIOGO POÇAS, DUDU BORGES, LEONARDO MENDES",IDENTIDADE,T-039.497.763-9,title_only
clean unified,Planilha UNA.xlsx,Relatório UBEM - Canal Brasil,IDENTIDADE,"DIOGO POÇAS, DUDU BORGES, LEONARDO MENDES",IDENTIDADE,T-039.497.763-9,title_only
clean unified,Planilha UNA.xlsx,Relatório UBEM - Canal Brasil,IDENTIDADE,"DEBORAH SECCO, FABIANA KARLA",IDENTIDADE,T-039.497.763-9,title_only
clean unified,Planilha UNA.xlsx,Relatório UBEM - Canal Brasil,IDENTIDADE,"DEBORAH SECCO, FABIANA KARLA",IDENTIDADE,T-039.497.763-9,title_only
clean unified,Planilha UNA.xlsx,Relatório UBEM - Canal Brasil,CORAGEM,"ALEJANDRO CLAVEAUX, ALICE WEGMANN",CORAGEM,T-040.522.266-3,title_only
clean unified,Planilha UNA.xlsx,Relatório UBEM - Canal Brasil,CORAGEM,"ALEJANDRO CLAVEAUX, ALICE WEGMANN",CORAGEM,,title_only
clean unified,Planilha UNA.xlsx,Relatório UBEM - Canal Brasil,IDENTIDADE,"DEBORAH SECO, FABIANA KARLA",IDENTIDADE,T-039.497.763-9,title_only
clean unified,Planilha UNA.xlsx,Relatório UBEM - Canal Brasil,IDENTIDADE,"MARIA MAUD, LAURA SIMÕES",IDENTIDADE,T-039.497.763-9,title_only
clean unified,Planilha UNA.xlsx,Relatório UBEM - Canal Brasil,IDENTIDADE,DUDU BORGES,IDENTIDADE,T-039.497.763-9,title_only
clean unified,Planilha UNA.xlsx,Relatório UBEM - Canal Brasil,IDENTIDADE,"DIOGO POÇAS, DUDU BORGES, LEONARDO MENDES",IDENTIDADE,T-039.497.763-9,title_only
clean unified,Planilha UNA.xlsx,Relatório UBEM - Canal Brasil,IDENTIDADE,"DIOGO POÇAS, DUDU BORGES, LEONARDO MENDES",IDENTIDADE,T-039.497.763-9,title_only
clean unified,Planilha UNA.xlsx,Relatório UBEM - Canal Brasil,IDENTIDADE,"MARIA MAUD, LAURA SIMÕES",IDENTIDADE,T-039.497.763-9,title_only
clean unified,Planilha UNA.xlsx,Relatório UBEM - Canal Brasil,IDENTIDADE,"DIOGO POÇAS, DUDU BORGES, LEONARDO MENDES",IDENTIDADE,T-039.497.763-9,title_only
clean unified,Planilha UNA.xlsx,Relatório UBEM - Canal Brasil,IDENTIDADE,"MARIA MAUD, LAURA SIMÕES",IDENTIDADE,T-039.497.763-9,title_only
clean unified,Planilha UNA.xlsx,Relatório UBEM - Canal Brasil,IDENTIDADE,"DEBORAH SECO, FABIANA KARLA",IDENTIDADE,T-039.497.763-9,title_only
clean unified,Planilha UNA.xlsx,Relatório UBEM - Canal Brasil,MALVADA,ZÉ FELIPE,MALVADA,T-303.019.880-8,title_only
clean unified,Planilha UNA.xlsx,Relatório UBEM - Canal Brasil,MALVADA,ZÉ FELIPE,MALVADA,,title_only
clean unified,Planilha UNA.xlsx,Relatório UBEM - Canal Brasil,IDENTIDADE,"DIOGO POÇAS, DUDU BORGES, LEONARDO MENDES",IDENTIDADE,T-039.497.763-9,title_only
clean unified,Planilha UNA.xlsx,Relatório UBEM - Canal Brasil,CORAGEM,"DUDU BORGES, DIOGO POÇAS, LEONARDO MENDES",CORAGEM,T-040.522.266-3,title_only
clean unified,Planilha UNA.xlsx,Relatório UBEM - Canal Brasil,CORAGEM,"DUDU BORGES, DIOGO POÇAS, LEONARDO MENDES",CORAGEM,,title_only
clean unified,Planilha UNA.xlsx,Relatório UBEM - Canal Brasil,IDENTIDADE,"DIOGO POÇAS, DUDU BORGES, LEONARDO MENDES",IDENTIDADE,T-039.497.763-9,title_only
clean unified,Planilha UNA.xlsx,Relatório UBEM - Canal Brasil,IDENTIDADE,"DEBORAH SECCO, FABIANA KARLA",IDENTIDADE,T-039.497.763-9,title_only
clean unified,Planilha UNA.xlsx,Relatório UBEM - Canal Brasil,IDENTIDADE,"MARIA MAUD, LAURA SIMÕES",IDENTIDADE,T-039.497.763-9,title_only
clean unified,Planilha UNA.xlsx,Relatório UBEM - Canal Brasil,JOGO SUJO,SANY PITBULL,JOGO SUJO,T-040.429.746-6,title_only
clean unified,Planilha UNA.xlsx,Relatório UBEM - Canal Brasil,JOGO SUJO,SANY PITBULL,JOGO SUJO,T-335.722.833-8,title_only
clean unified,Planilha UNA.xlsx,Relatório UBEM - Canal Brasil,JOGO SUJO,SANY PITBULL,JOGO SUJO,T-040.429.746-6,title_only
clean unified,Planilha UNA.xlsx,Relatório UBEM - Canal Brasil,JOGO SUJO,SANY PITBULL,JOGO SUJO,T-335.722.833-8,title_only
clean unified,Planilha UNA.xlsx,Relatório UBEM - Canal Brasil,AMIGO,ROBERTO CARLOS,AMIGO,,title_only
